55431.7890625
55431.578125
55431.3671875
55431.15625
55430.9453125
55430.734375
55430.5234375
55430.3125
55430.1015625
55429.890625
55429.6796875
55429.46875
55429.2578125
55429.046875
55428.8359375
55428.625
55428.4140625
55428.203125
55427.9921875
55427.78125
55427.5703125
55427.359375
55427.1484375
55426.9375
55426.7265625
55426.515625
55426.3046875
55426.09375
55425.8828125
55425.671875
55425.4609375
55425.25
55425.0390625
55424.828125
55424.6171875
55424.40625
55424.1953125
55423.984375
55423.7734375
55423.5625
55423.3515625
55423.140625
55422.9296875
55422.71875
55422.5078125
55422.296875
55422.0859375
55421.875
55421.6640625
55421.453125
55421.2421875
55421.03125
55420.8203125
55420.609375
55420.3984375
55420.1875
55419.9765625
55419.765625
55419.5546875
55419.34375
55419.1328125
55418.921875
55418.7109375
55418.5
55418.2890625
55418.078125
55417.8671875
55417.65625
55417.4453125
55417.234375
55417.0234375
55416.8125
55416.6015625
55416.390625
55416.1796875
55415.96875
55415.7578125
55415.546875
55415.3359375
55415.125
55414.9140625
55414.703125
55414.4921875
55414.28125
55414.0703125
55413.859375
55413.6484375
55413.4375
55413.2265625
55413.015625
55412.8046875
55412.59375
55412.3828125
55412.171875
55411.9609375
55411.75
55411.5390625
55411.328125
55411.1171875
55410.90625
55410.6953125
55410.484375
55410.2734375
55410.0625
55409.8515625
55409.640625
55409.4296875
55409.21875
55409.0078125
55408.796875
55408.5859375
55408.375
55408.1640625
55407.953125
55407.7421875
55407.53125
55407.3203125
55407.109375
55406.8984375
55406.6875
55406.4765625
55406.265625
55406.0546875
55405.84375
55405.6328125
55405.421875
55405.2109375
55405.0
