55998.7890625
55998.578125
55998.3671875
55998.15625
55997.9453125
55997.734375
55997.5234375
55997.3125
55997.1015625
55996.890625
55996.6796875
55996.46875
55996.2578125
55996.046875
55995.8359375
55995.625
55995.4140625
55995.203125
55994.9921875
55994.78125
55994.5703125
55994.359375
55994.1484375
55993.9375
55993.7265625
55993.515625
55993.3046875
55993.09375
55992.8828125
55992.671875
55992.4609375
55992.25
55992.0390625
55991.828125
55991.6171875
55991.40625
55991.1953125
55990.984375
55990.7734375
55990.5625
55990.3515625
55990.140625
55989.9296875
55989.71875
55989.5078125
55989.296875
55989.0859375
55988.875
55988.6640625
55988.453125
55988.2421875
55988.03125
55987.8203125
55987.609375
55987.3984375
55987.1875
55986.9765625
55986.765625
55986.5546875
55986.34375
55986.1328125
55985.921875
55985.7109375
55985.5
55985.2890625
55985.078125
55984.8671875
55984.65625
55984.4453125
55984.234375
55984.0234375
55983.8125
55983.6015625
55983.390625
55983.1796875
55982.96875
55982.7578125
55982.546875
55982.3359375
55982.125
55981.9140625
55981.703125
55981.4921875
55981.28125
55981.0703125
55980.859375
55980.6484375
55980.4375
55980.2265625
55980.015625
55979.8046875
55979.59375
55979.3828125
55979.171875
55978.9609375
55978.75
55978.5390625
55978.328125
55978.1171875
55977.90625
55977.6953125
55977.484375
55977.2734375
55977.0625
55976.8515625
55976.640625
55976.4296875
55976.21875
55976.0078125
55975.796875
55975.5859375
55975.375
55975.1640625
55974.953125
55974.7421875
55974.53125
55974.3203125
55974.109375
55973.8984375
55973.6875
55973.4765625
55973.265625
55973.0546875
55972.84375
55972.6328125
55972.421875
55972.2109375
55972.0
