56160.7890625
56160.578125
56160.3671875
56160.15625
56159.9453125
56159.734375
56159.5234375
56159.3125
56159.1015625
56158.890625
56158.6796875
56158.46875
56158.2578125
56158.046875
56157.8359375
56157.625
56157.4140625
56157.203125
56156.9921875
56156.78125
56156.5703125
56156.359375
56156.1484375
56155.9375
56155.7265625
56155.515625
56155.3046875
56155.09375
56154.8828125
56154.671875
56154.4609375
56154.25
56154.0390625
56153.828125
56153.6171875
56153.40625
56153.1953125
56152.984375
56152.7734375
56152.5625
56152.3515625
56152.140625
56151.9296875
56151.71875
56151.5078125
56151.296875
56151.0859375
56150.875
56150.6640625
56150.453125
56150.2421875
56150.03125
56149.8203125
56149.609375
56149.3984375
56149.1875
56148.9765625
56148.765625
56148.5546875
56148.34375
56148.1328125
56147.921875
56147.7109375
56147.5
56147.2890625
56147.078125
56146.8671875
56146.65625
56146.4453125
56146.234375
56146.0234375
56145.8125
56145.6015625
56145.390625
56145.1796875
56144.96875
56144.7578125
56144.546875
56144.3359375
56144.125
56143.9140625
56143.703125
56143.4921875
56143.28125
56143.0703125
56142.859375
56142.6484375
56142.4375
56142.2265625
56142.015625
56141.8046875
56141.59375
56141.3828125
56141.171875
56140.9609375
56140.75
56140.5390625
56140.328125
56140.1171875
56139.90625
56139.6953125
56139.484375
56139.2734375
56139.0625
56138.8515625
56138.640625
56138.4296875
56138.21875
56138.0078125
56137.796875
56137.5859375
56137.375
56137.1640625
56136.953125
56136.7421875
56136.53125
56136.3203125
56136.109375
56135.8984375
56135.6875
56135.4765625
56135.265625
56135.0546875
56134.84375
56134.6328125
56134.421875
56134.2109375
56134.0
