56511.7890625
56511.578125
56511.3671875
56511.15625
56510.9453125
56510.734375
56510.5234375
56510.3125
56510.1015625
56509.890625
56509.6796875
56509.46875
56509.2578125
56509.046875
56508.8359375
56508.625
56508.4140625
56508.203125
56507.9921875
56507.78125
56507.5703125
56507.359375
56507.1484375
56506.9375
56506.7265625
56506.515625
56506.3046875
56506.09375
56505.8828125
56505.671875
56505.4609375
56505.25
56505.0390625
56504.828125
56504.6171875
56504.40625
56504.1953125
56503.984375
56503.7734375
56503.5625
56503.3515625
56503.140625
56502.9296875
56502.71875
56502.5078125
56502.296875
56502.0859375
56501.875
56501.6640625
56501.453125
56501.2421875
56501.03125
56500.8203125
56500.609375
56500.3984375
56500.1875
56499.9765625
56499.765625
56499.5546875
56499.34375
56499.1328125
56498.921875
56498.7109375
56498.5
56498.2890625
56498.078125
56497.8671875
56497.65625
56497.4453125
56497.234375
56497.0234375
56496.8125
56496.6015625
56496.390625
56496.1796875
56495.96875
56495.7578125
56495.546875
56495.3359375
56495.125
56494.9140625
56494.703125
56494.4921875
56494.28125
56494.0703125
56493.859375
56493.6484375
56493.4375
56493.2265625
56493.015625
56492.8046875
56492.59375
56492.3828125
56492.171875
56491.9609375
56491.75
56491.5390625
56491.328125
56491.1171875
56490.90625
56490.6953125
56490.484375
56490.2734375
56490.0625
56489.8515625
56489.640625
56489.4296875
56489.21875
56489.0078125
56488.796875
56488.5859375
56488.375
56488.1640625
56487.953125
56487.7421875
56487.53125
56487.3203125
56487.109375
56486.8984375
56486.6875
56486.4765625
56486.265625
56486.0546875
56485.84375
56485.6328125
56485.421875
56485.2109375
56485.0
