54270.7890625
54270.578125
54270.3671875
54270.15625
54269.9453125
54269.734375
54269.5234375
54269.3125
54269.1015625
54268.890625
54268.6796875
54268.46875
54268.2578125
54268.046875
54267.8359375
54267.625
54267.4140625
54267.203125
54266.9921875
54266.78125
54266.5703125
54266.359375
54266.1484375
54265.9375
54265.7265625
54265.515625
54265.3046875
54265.09375
54264.8828125
54264.671875
54264.4609375
54264.25
54264.0390625
54263.828125
54263.6171875
54263.40625
54263.1953125
54262.984375
54262.7734375
54262.5625
54262.3515625
54262.140625
54261.9296875
54261.71875
54261.5078125
54261.296875
54261.0859375
54260.875
54260.6640625
54260.453125
54260.2421875
54260.03125
54259.8203125
54259.609375
54259.3984375
54259.1875
54258.9765625
54258.765625
54258.5546875
54258.34375
54258.1328125
54257.921875
54257.7109375
54257.5
54257.2890625
54257.078125
54256.8671875
54256.65625
54256.4453125
54256.234375
54256.0234375
54255.8125
54255.6015625
54255.390625
54255.1796875
54254.96875
54254.7578125
54254.546875
54254.3359375
54254.125
54253.9140625
54253.703125
54253.4921875
54253.28125
54253.0703125
54252.859375
54252.6484375
54252.4375
54252.2265625
54252.015625
54251.8046875
54251.59375
54251.3828125
54251.171875
54250.9609375
54250.75
54250.5390625
54250.328125
54250.1171875
54249.90625
54249.6953125
54249.484375
54249.2734375
54249.0625
54248.8515625
54248.640625
54248.4296875
54248.21875
54248.0078125
54247.796875
54247.5859375
54247.375
54247.1640625
54246.953125
54246.7421875
54246.53125
54246.3203125
54246.109375
54245.8984375
54245.6875
54245.4765625
54245.265625
54245.0546875
54244.84375
54244.6328125
54244.421875
54244.2109375
54244.0
