56673.7890625
56673.578125
56673.3671875
56673.15625
56672.9453125
56672.734375
56672.5234375
56672.3125
56672.1015625
56671.890625
56671.6796875
56671.46875
56671.2578125
56671.046875
56670.8359375
56670.625
56670.4140625
56670.203125
56669.9921875
56669.78125
56669.5703125
56669.359375
56669.1484375
56668.9375
56668.7265625
56668.515625
56668.3046875
56668.09375
56667.8828125
56667.671875
56667.4609375
56667.25
56667.0390625
56666.828125
56666.6171875
56666.40625
56666.1953125
56665.984375
56665.7734375
56665.5625
56665.3515625
56665.140625
56664.9296875
56664.71875
56664.5078125
56664.296875
56664.0859375
56663.875
56663.6640625
56663.453125
56663.2421875
56663.03125
56662.8203125
56662.609375
56662.3984375
56662.1875
56661.9765625
56661.765625
56661.5546875
56661.34375
56661.1328125
56660.921875
56660.7109375
56660.5
56660.2890625
56660.078125
56659.8671875
56659.65625
56659.4453125
56659.234375
56659.0234375
56658.8125
56658.6015625
56658.390625
56658.1796875
56657.96875
56657.7578125
56657.546875
56657.3359375
56657.125
56656.9140625
56656.703125
56656.4921875
56656.28125
56656.0703125
56655.859375
56655.6484375
56655.4375
56655.2265625
56655.015625
56654.8046875
56654.59375
56654.3828125
56654.171875
56653.9609375
56653.75
56653.5390625
56653.328125
56653.1171875
56652.90625
56652.6953125
56652.484375
56652.2734375
56652.0625
56651.8515625
56651.640625
56651.4296875
56651.21875
56651.0078125
56650.796875
56650.5859375
56650.375
56650.1640625
56649.953125
56649.7421875
56649.53125
56649.3203125
56649.109375
56648.8984375
56648.6875
56648.4765625
56648.265625
56648.0546875
56647.84375
56647.6328125
56647.421875
56647.2109375
56647.0
