55269.7890625
55269.578125
55269.3671875
55269.15625
55268.9453125
55268.734375
55268.5234375
55268.3125
55268.1015625
55267.890625
55267.6796875
55267.46875
55267.2578125
55267.046875
55266.8359375
55266.625
55266.4140625
55266.203125
55265.9921875
55265.78125
55265.5703125
55265.359375
55265.1484375
55264.9375
55264.7265625
55264.515625
55264.3046875
55264.09375
55263.8828125
55263.671875
55263.4609375
55263.25
55263.0390625
55262.828125
55262.6171875
55262.40625
55262.1953125
55261.984375
55261.7734375
55261.5625
55261.3515625
55261.140625
55260.9296875
55260.71875
55260.5078125
55260.296875
55260.0859375
55259.875
55259.6640625
55259.453125
55259.2421875
55259.03125
55258.8203125
55258.609375
55258.3984375
55258.1875
55257.9765625
55257.765625
55257.5546875
55257.34375
55257.1328125
55256.921875
55256.7109375
55256.5
55256.2890625
55256.078125
55255.8671875
55255.65625
55255.4453125
55255.234375
55255.0234375
55254.8125
55254.6015625
55254.390625
55254.1796875
55253.96875
55253.7578125
55253.546875
55253.3359375
55253.125
55252.9140625
55252.703125
55252.4921875
55252.28125
55252.0703125
55251.859375
55251.6484375
55251.4375
55251.2265625
55251.015625
55250.8046875
55250.59375
55250.3828125
55250.171875
55249.9609375
55249.75
55249.5390625
55249.328125
55249.1171875
55248.90625
55248.6953125
55248.484375
55248.2734375
55248.0625
55247.8515625
55247.640625
55247.4296875
55247.21875
55247.0078125
55246.796875
55246.5859375
55246.375
55246.1640625
55245.953125
55245.7421875
55245.53125
55245.3203125
55245.109375
55244.8984375
55244.6875
55244.4765625
55244.265625
55244.0546875
55243.84375
55243.6328125
55243.421875
55243.2109375
55243.0
