56106.7890625
56106.578125
56106.3671875
56106.15625
56105.9453125
56105.734375
56105.5234375
56105.3125
56105.1015625
56104.890625
56104.6796875
56104.46875
56104.2578125
56104.046875
56103.8359375
56103.625
56103.4140625
56103.203125
56102.9921875
56102.78125
56102.5703125
56102.359375
56102.1484375
56101.9375
56101.7265625
56101.515625
56101.3046875
56101.09375
56100.8828125
56100.671875
56100.4609375
56100.25
56100.0390625
56099.828125
56099.6171875
56099.40625
56099.1953125
56098.984375
56098.7734375
56098.5625
56098.3515625
56098.140625
56097.9296875
56097.71875
56097.5078125
56097.296875
56097.0859375
56096.875
56096.6640625
56096.453125
56096.2421875
56096.03125
56095.8203125
56095.609375
56095.3984375
56095.1875
56094.9765625
56094.765625
56094.5546875
56094.34375
56094.1328125
56093.921875
56093.7109375
56093.5
56093.2890625
56093.078125
56092.8671875
56092.65625
56092.4453125
56092.234375
56092.0234375
56091.8125
56091.6015625
56091.390625
56091.1796875
56090.96875
56090.7578125
56090.546875
56090.3359375
56090.125
56089.9140625
56089.703125
56089.4921875
56089.28125
56089.0703125
56088.859375
56088.6484375
56088.4375
56088.2265625
56088.015625
56087.8046875
56087.59375
56087.3828125
56087.171875
56086.9609375
56086.75
56086.5390625
56086.328125
56086.1171875
56085.90625
56085.6953125
56085.484375
56085.2734375
56085.0625
56084.8515625
56084.640625
56084.4296875
56084.21875
56084.0078125
56083.796875
56083.5859375
56083.375
56083.1640625
56082.953125
56082.7421875
56082.53125
56082.3203125
56082.109375
56081.8984375
56081.6875
56081.4765625
56081.265625
56081.0546875
56080.84375
56080.6328125
56080.421875
56080.2109375
56080.0
