55863.7890625
55863.578125
55863.3671875
55863.15625
55862.9453125
55862.734375
55862.5234375
55862.3125
55862.1015625
55861.890625
55861.6796875
55861.46875
55861.2578125
55861.046875
55860.8359375
55860.625
55860.4140625
55860.203125
55859.9921875
55859.78125
55859.5703125
55859.359375
55859.1484375
55858.9375
55858.7265625
55858.515625
55858.3046875
55858.09375
55857.8828125
55857.671875
55857.4609375
55857.25
55857.0390625
55856.828125
55856.6171875
55856.40625
55856.1953125
55855.984375
55855.7734375
55855.5625
55855.3515625
55855.140625
55854.9296875
55854.71875
55854.5078125
55854.296875
55854.0859375
55853.875
55853.6640625
55853.453125
55853.2421875
55853.03125
55852.8203125
55852.609375
55852.3984375
55852.1875
55851.9765625
55851.765625
55851.5546875
55851.34375
55851.1328125
55850.921875
55850.7109375
55850.5
55850.2890625
55850.078125
55849.8671875
55849.65625
55849.4453125
55849.234375
55849.0234375
55848.8125
55848.6015625
55848.390625
55848.1796875
55847.96875
55847.7578125
55847.546875
55847.3359375
55847.125
55846.9140625
55846.703125
55846.4921875
55846.28125
55846.0703125
55845.859375
55845.6484375
55845.4375
55845.2265625
55845.015625
55844.8046875
55844.59375
55844.3828125
55844.171875
55843.9609375
55843.75
55843.5390625
55843.328125
55843.1171875
55842.90625
55842.6953125
55842.484375
55842.2734375
55842.0625
55841.8515625
55841.640625
55841.4296875
55841.21875
55841.0078125
55840.796875
55840.5859375
55840.375
55840.1640625
55839.953125
55839.7421875
55839.53125
55839.3203125
55839.109375
55838.8984375
55838.6875
55838.4765625
55838.265625
55838.0546875
55837.84375
55837.6328125
55837.421875
55837.2109375
55837.0
