54351.7890625
54351.578125
54351.3671875
54351.15625
54350.9453125
54350.734375
54350.5234375
54350.3125
54350.1015625
54349.890625
54349.6796875
54349.46875
54349.2578125
54349.046875
54348.8359375
54348.625
54348.4140625
54348.203125
54347.9921875
54347.78125
54347.5703125
54347.359375
54347.1484375
54346.9375
54346.7265625
54346.515625
54346.3046875
54346.09375
54345.8828125
54345.671875
54345.4609375
54345.25
54345.0390625
54344.828125
54344.6171875
54344.40625
54344.1953125
54343.984375
54343.7734375
54343.5625
54343.3515625
54343.140625
54342.9296875
54342.71875
54342.5078125
54342.296875
54342.0859375
54341.875
54341.6640625
54341.453125
54341.2421875
54341.03125
54340.8203125
54340.609375
54340.3984375
54340.1875
54339.9765625
54339.765625
54339.5546875
54339.34375
54339.1328125
54338.921875
54338.7109375
54338.5
54338.2890625
54338.078125
54337.8671875
54337.65625
54337.4453125
54337.234375
54337.0234375
54336.8125
54336.6015625
54336.390625
54336.1796875
54335.96875
54335.7578125
54335.546875
54335.3359375
54335.125
54334.9140625
54334.703125
54334.4921875
54334.28125
54334.0703125
54333.859375
54333.6484375
54333.4375
54333.2265625
54333.015625
54332.8046875
54332.59375
54332.3828125
54332.171875
54331.9609375
54331.75
54331.5390625
54331.328125
54331.1171875
54330.90625
54330.6953125
54330.484375
54330.2734375
54330.0625
54329.8515625
54329.640625
54329.4296875
54329.21875
54329.0078125
54328.796875
54328.5859375
54328.375
54328.1640625
54327.953125
54327.7421875
54327.53125
54327.3203125
54327.109375
54326.8984375
54326.6875
54326.4765625
54326.265625
54326.0546875
54325.84375
54325.6328125
54325.421875
54325.2109375
54325.0
