56781.7890625
56781.578125
56781.3671875
56781.15625
56780.9453125
56780.734375
56780.5234375
56780.3125
56780.1015625
56779.890625
56779.6796875
56779.46875
56779.2578125
56779.046875
56778.8359375
56778.625
56778.4140625
56778.203125
56777.9921875
56777.78125
56777.5703125
56777.359375
56777.1484375
56776.9375
56776.7265625
56776.515625
56776.3046875
56776.09375
56775.8828125
56775.671875
56775.4609375
56775.25
56775.0390625
56774.828125
56774.6171875
56774.40625
56774.1953125
56773.984375
56773.7734375
56773.5625
56773.3515625
56773.140625
56772.9296875
56772.71875
56772.5078125
56772.296875
56772.0859375
56771.875
56771.6640625
56771.453125
56771.2421875
56771.03125
56770.8203125
56770.609375
56770.3984375
56770.1875
56769.9765625
56769.765625
56769.5546875
56769.34375
56769.1328125
56768.921875
56768.7109375
56768.5
56768.2890625
56768.078125
56767.8671875
56767.65625
56767.4453125
56767.234375
56767.0234375
56766.8125
56766.6015625
56766.390625
56766.1796875
56765.96875
56765.7578125
56765.546875
56765.3359375
56765.125
56764.9140625
56764.703125
56764.4921875
56764.28125
56764.0703125
56763.859375
56763.6484375
56763.4375
56763.2265625
56763.015625
56762.8046875
56762.59375
56762.3828125
56762.171875
56761.9609375
56761.75
56761.5390625
56761.328125
56761.1171875
56760.90625
56760.6953125
56760.484375
56760.2734375
56760.0625
56759.8515625
56759.640625
56759.4296875
56759.21875
56759.0078125
56758.796875
56758.5859375
56758.375
56758.1640625
56757.953125
56757.7421875
56757.53125
56757.3203125
56757.109375
56756.8984375
56756.6875
56756.4765625
56756.265625
56756.0546875
56755.84375
56755.6328125
56755.421875
56755.2109375
56755.0
