56214.7890625
56214.578125
56214.3671875
56214.15625
56213.9453125
56213.734375
56213.5234375
56213.3125
56213.1015625
56212.890625
56212.6796875
56212.46875
56212.2578125
56212.046875
56211.8359375
56211.625
56211.4140625
56211.203125
56210.9921875
56210.78125
56210.5703125
56210.359375
56210.1484375
56209.9375
56209.7265625
56209.515625
56209.3046875
56209.09375
56208.8828125
56208.671875
56208.4609375
56208.25
56208.0390625
56207.828125
56207.6171875
56207.40625
56207.1953125
56206.984375
56206.7734375
56206.5625
56206.3515625
56206.140625
56205.9296875
56205.71875
56205.5078125
56205.296875
56205.0859375
56204.875
56204.6640625
56204.453125
56204.2421875
56204.03125
56203.8203125
56203.609375
56203.3984375
56203.1875
56202.9765625
56202.765625
56202.5546875
56202.34375
56202.1328125
56201.921875
56201.7109375
56201.5
56201.2890625
56201.078125
56200.8671875
56200.65625
56200.4453125
56200.234375
56200.0234375
56199.8125
56199.6015625
56199.390625
56199.1796875
56198.96875
56198.7578125
56198.546875
56198.3359375
56198.125
56197.9140625
56197.703125
56197.4921875
56197.28125
56197.0703125
56196.859375
56196.6484375
56196.4375
56196.2265625
56196.015625
56195.8046875
56195.59375
56195.3828125
56195.171875
56194.9609375
56194.75
56194.5390625
56194.328125
56194.1171875
56193.90625
56193.6953125
56193.484375
56193.2734375
56193.0625
56192.8515625
56192.640625
56192.4296875
56192.21875
56192.0078125
56191.796875
56191.5859375
56191.375
56191.1640625
56190.953125
56190.7421875
56190.53125
56190.3203125
56190.109375
56189.8984375
56189.6875
56189.4765625
56189.265625
56189.0546875
56188.84375
56188.6328125
56188.421875
56188.2109375
56188.0
