56187.7890625
56187.578125
56187.3671875
56187.15625
56186.9453125
56186.734375
56186.5234375
56186.3125
56186.1015625
56185.890625
56185.6796875
56185.46875
56185.2578125
56185.046875
56184.8359375
56184.625
56184.4140625
56184.203125
56183.9921875
56183.78125
56183.5703125
56183.359375
56183.1484375
56182.9375
56182.7265625
56182.515625
56182.3046875
56182.09375
56181.8828125
56181.671875
56181.4609375
56181.25
56181.0390625
56180.828125
56180.6171875
56180.40625
56180.1953125
56179.984375
56179.7734375
56179.5625
56179.3515625
56179.140625
56178.9296875
56178.71875
56178.5078125
56178.296875
56178.0859375
56177.875
56177.6640625
56177.453125
56177.2421875
56177.03125
56176.8203125
56176.609375
56176.3984375
56176.1875
56175.9765625
56175.765625
56175.5546875
56175.34375
56175.1328125
56174.921875
56174.7109375
56174.5
56174.2890625
56174.078125
56173.8671875
56173.65625
56173.4453125
56173.234375
56173.0234375
56172.8125
56172.6015625
56172.390625
56172.1796875
56171.96875
56171.7578125
56171.546875
56171.3359375
56171.125
56170.9140625
56170.703125
56170.4921875
56170.28125
56170.0703125
56169.859375
56169.6484375
56169.4375
56169.2265625
56169.015625
56168.8046875
56168.59375
56168.3828125
56168.171875
56167.9609375
56167.75
56167.5390625
56167.328125
56167.1171875
56166.90625
56166.6953125
56166.484375
56166.2734375
56166.0625
56165.8515625
56165.640625
56165.4296875
56165.21875
56165.0078125
56164.796875
56164.5859375
56164.375
56164.1640625
56163.953125
56163.7421875
56163.53125
56163.3203125
56163.109375
56162.8984375
56162.6875
56162.4765625
56162.265625
56162.0546875
56161.84375
56161.6328125
56161.421875
56161.2109375
56161.0
