55728.7890625
55728.578125
55728.3671875
55728.15625
55727.9453125
55727.734375
55727.5234375
55727.3125
55727.1015625
55726.890625
55726.6796875
55726.46875
55726.2578125
55726.046875
55725.8359375
55725.625
55725.4140625
55725.203125
55724.9921875
55724.78125
55724.5703125
55724.359375
55724.1484375
55723.9375
55723.7265625
55723.515625
55723.3046875
55723.09375
55722.8828125
55722.671875
55722.4609375
55722.25
55722.0390625
55721.828125
55721.6171875
55721.40625
55721.1953125
55720.984375
55720.7734375
55720.5625
55720.3515625
55720.140625
55719.9296875
55719.71875
55719.5078125
55719.296875
55719.0859375
55718.875
55718.6640625
55718.453125
55718.2421875
55718.03125
55717.8203125
55717.609375
55717.3984375
55717.1875
55716.9765625
55716.765625
55716.5546875
55716.34375
55716.1328125
55715.921875
55715.7109375
55715.5
55715.2890625
55715.078125
55714.8671875
55714.65625
55714.4453125
55714.234375
55714.0234375
55713.8125
55713.6015625
55713.390625
55713.1796875
55712.96875
55712.7578125
55712.546875
55712.3359375
55712.125
55711.9140625
55711.703125
55711.4921875
55711.28125
55711.0703125
55710.859375
55710.6484375
55710.4375
55710.2265625
55710.015625
55709.8046875
55709.59375
55709.3828125
55709.171875
55708.9609375
55708.75
55708.5390625
55708.328125
55708.1171875
55707.90625
55707.6953125
55707.484375
55707.2734375
55707.0625
55706.8515625
55706.640625
55706.4296875
55706.21875
55706.0078125
55705.796875
55705.5859375
55705.375
55705.1640625
55704.953125
55704.7421875
55704.53125
55704.3203125
55704.109375
55703.8984375
55703.6875
55703.4765625
55703.265625
55703.0546875
55702.84375
55702.6328125
55702.421875
55702.2109375
55702.0
