54486.7890625
54486.578125
54486.3671875
54486.15625
54485.9453125
54485.734375
54485.5234375
54485.3125
54485.1015625
54484.890625
54484.6796875
54484.46875
54484.2578125
54484.046875
54483.8359375
54483.625
54483.4140625
54483.203125
54482.9921875
54482.78125
54482.5703125
54482.359375
54482.1484375
54481.9375
54481.7265625
54481.515625
54481.3046875
54481.09375
54480.8828125
54480.671875
54480.4609375
54480.25
54480.0390625
54479.828125
54479.6171875
54479.40625
54479.1953125
54478.984375
54478.7734375
54478.5625
54478.3515625
54478.140625
54477.9296875
54477.71875
54477.5078125
54477.296875
54477.0859375
54476.875
54476.6640625
54476.453125
54476.2421875
54476.03125
54475.8203125
54475.609375
54475.3984375
54475.1875
54474.9765625
54474.765625
54474.5546875
54474.34375
54474.1328125
54473.921875
54473.7109375
54473.5
54473.2890625
54473.078125
54472.8671875
54472.65625
54472.4453125
54472.234375
54472.0234375
54471.8125
54471.6015625
54471.390625
54471.1796875
54470.96875
54470.7578125
54470.546875
54470.3359375
54470.125
54469.9140625
54469.703125
54469.4921875
54469.28125
54469.0703125
54468.859375
54468.6484375
54468.4375
54468.2265625
54468.015625
54467.8046875
54467.59375
54467.3828125
54467.171875
54466.9609375
54466.75
54466.5390625
54466.328125
54466.1171875
54465.90625
54465.6953125
54465.484375
54465.2734375
54465.0625
54464.8515625
54464.640625
54464.4296875
54464.21875
54464.0078125
54463.796875
54463.5859375
54463.375
54463.1640625
54462.953125
54462.7421875
54462.53125
54462.3203125
54462.109375
54461.8984375
54461.6875
54461.4765625
54461.265625
54461.0546875
54460.84375
54460.6328125
54460.421875
54460.2109375
54460.0
