55323.7890625
55323.578125
55323.3671875
55323.15625
55322.9453125
55322.734375
55322.5234375
55322.3125
55322.1015625
55321.890625
55321.6796875
55321.46875
55321.2578125
55321.046875
55320.8359375
55320.625
55320.4140625
55320.203125
55319.9921875
55319.78125
55319.5703125
55319.359375
55319.1484375
55318.9375
55318.7265625
55318.515625
55318.3046875
55318.09375
55317.8828125
55317.671875
55317.4609375
55317.25
55317.0390625
55316.828125
55316.6171875
55316.40625
55316.1953125
55315.984375
55315.7734375
55315.5625
55315.3515625
55315.140625
55314.9296875
55314.71875
55314.5078125
55314.296875
55314.0859375
55313.875
55313.6640625
55313.453125
55313.2421875
55313.03125
55312.8203125
55312.609375
55312.3984375
55312.1875
55311.9765625
55311.765625
55311.5546875
55311.34375
55311.1328125
55310.921875
55310.7109375
55310.5
55310.2890625
55310.078125
55309.8671875
55309.65625
55309.4453125
55309.234375
55309.0234375
55308.8125
55308.6015625
55308.390625
55308.1796875
55307.96875
55307.7578125
55307.546875
55307.3359375
55307.125
55306.9140625
55306.703125
55306.4921875
55306.28125
55306.0703125
55305.859375
55305.6484375
55305.4375
55305.2265625
55305.015625
55304.8046875
55304.59375
55304.3828125
55304.171875
55303.9609375
55303.75
55303.5390625
55303.328125
55303.1171875
55302.90625
55302.6953125
55302.484375
55302.2734375
55302.0625
55301.8515625
55301.640625
55301.4296875
55301.21875
55301.0078125
55300.796875
55300.5859375
55300.375
55300.1640625
55299.953125
55299.7421875
55299.53125
55299.3203125
55299.109375
55298.8984375
55298.6875
55298.4765625
55298.265625
55298.0546875
55297.84375
55297.6328125
55297.421875
55297.2109375
55297.0
