54378.7890625
54378.578125
54378.3671875
54378.15625
54377.9453125
54377.734375
54377.5234375
54377.3125
54377.1015625
54376.890625
54376.6796875
54376.46875
54376.2578125
54376.046875
54375.8359375
54375.625
54375.4140625
54375.203125
54374.9921875
54374.78125
54374.5703125
54374.359375
54374.1484375
54373.9375
54373.7265625
54373.515625
54373.3046875
54373.09375
54372.8828125
54372.671875
54372.4609375
54372.25
54372.0390625
54371.828125
54371.6171875
54371.40625
54371.1953125
54370.984375
54370.7734375
54370.5625
54370.3515625
54370.140625
54369.9296875
54369.71875
54369.5078125
54369.296875
54369.0859375
54368.875
54368.6640625
54368.453125
54368.2421875
54368.03125
54367.8203125
54367.609375
54367.3984375
54367.1875
54366.9765625
54366.765625
54366.5546875
54366.34375
54366.1328125
54365.921875
54365.7109375
54365.5
54365.2890625
54365.078125
54364.8671875
54364.65625
54364.4453125
54364.234375
54364.0234375
54363.8125
54363.6015625
54363.390625
54363.1796875
54362.96875
54362.7578125
54362.546875
54362.3359375
54362.125
54361.9140625
54361.703125
54361.4921875
54361.28125
54361.0703125
54360.859375
54360.6484375
54360.4375
54360.2265625
54360.015625
54359.8046875
54359.59375
54359.3828125
54359.171875
54358.9609375
54358.75
54358.5390625
54358.328125
54358.1171875
54357.90625
54357.6953125
54357.484375
54357.2734375
54357.0625
54356.8515625
54356.640625
54356.4296875
54356.21875
54356.0078125
54355.796875
54355.5859375
54355.375
54355.1640625
54354.953125
54354.7421875
54354.53125
54354.3203125
54354.109375
54353.8984375
54353.6875
54353.4765625
54353.265625
54353.0546875
54352.84375
54352.6328125
54352.421875
54352.2109375
54352.0
