56916.7890625
56916.578125
56916.3671875
56916.15625
56915.9453125
56915.734375
56915.5234375
56915.3125
56915.1015625
56914.890625
56914.6796875
56914.46875
56914.2578125
56914.046875
56913.8359375
56913.625
56913.4140625
56913.203125
56912.9921875
56912.78125
56912.5703125
56912.359375
56912.1484375
56911.9375
56911.7265625
56911.515625
56911.3046875
56911.09375
56910.8828125
56910.671875
56910.4609375
56910.25
56910.0390625
56909.828125
56909.6171875
56909.40625
56909.1953125
56908.984375
56908.7734375
56908.5625
56908.3515625
56908.140625
56907.9296875
56907.71875
56907.5078125
56907.296875
56907.0859375
56906.875
56906.6640625
56906.453125
56906.2421875
56906.03125
56905.8203125
56905.609375
56905.3984375
56905.1875
56904.9765625
56904.765625
56904.5546875
56904.34375
56904.1328125
56903.921875
56903.7109375
56903.5
56903.2890625
56903.078125
56902.8671875
56902.65625
56902.4453125
56902.234375
56902.0234375
56901.8125
56901.6015625
56901.390625
56901.1796875
56900.96875
56900.7578125
56900.546875
56900.3359375
56900.125
56899.9140625
56899.703125
56899.4921875
56899.28125
56899.0703125
56898.859375
56898.6484375
56898.4375
56898.2265625
56898.015625
56897.8046875
56897.59375
56897.3828125
56897.171875
56896.9609375
56896.75
56896.5390625
56896.328125
56896.1171875
56895.90625
56895.6953125
56895.484375
56895.2734375
56895.0625
56894.8515625
56894.640625
56894.4296875
56894.21875
56894.0078125
56893.796875
56893.5859375
56893.375
56893.1640625
56892.953125
56892.7421875
56892.53125
56892.3203125
56892.109375
56891.8984375
56891.6875
56891.4765625
56891.265625
56891.0546875
56890.84375
56890.6328125
56890.421875
56890.2109375
56890.0
