54837.7890625
54837.578125
54837.3671875
54837.15625
54836.9453125
54836.734375
54836.5234375
54836.3125
54836.1015625
54835.890625
54835.6796875
54835.46875
54835.2578125
54835.046875
54834.8359375
54834.625
54834.4140625
54834.203125
54833.9921875
54833.78125
54833.5703125
54833.359375
54833.1484375
54832.9375
54832.7265625
54832.515625
54832.3046875
54832.09375
54831.8828125
54831.671875
54831.4609375
54831.25
54831.0390625
54830.828125
54830.6171875
54830.40625
54830.1953125
54829.984375
54829.7734375
54829.5625
54829.3515625
54829.140625
54828.9296875
54828.71875
54828.5078125
54828.296875
54828.0859375
54827.875
54827.6640625
54827.453125
54827.2421875
54827.03125
54826.8203125
54826.609375
54826.3984375
54826.1875
54825.9765625
54825.765625
54825.5546875
54825.34375
54825.1328125
54824.921875
54824.7109375
54824.5
54824.2890625
54824.078125
54823.8671875
54823.65625
54823.4453125
54823.234375
54823.0234375
54822.8125
54822.6015625
54822.390625
54822.1796875
54821.96875
54821.7578125
54821.546875
54821.3359375
54821.125
54820.9140625
54820.703125
54820.4921875
54820.28125
54820.0703125
54819.859375
54819.6484375
54819.4375
54819.2265625
54819.015625
54818.8046875
54818.59375
54818.3828125
54818.171875
54817.9609375
54817.75
54817.5390625
54817.328125
54817.1171875
54816.90625
54816.6953125
54816.484375
54816.2734375
54816.0625
54815.8515625
54815.640625
54815.4296875
54815.21875
54815.0078125
54814.796875
54814.5859375
54814.375
54814.1640625
54813.953125
54813.7421875
54813.53125
54813.3203125
54813.109375
54812.8984375
54812.6875
54812.4765625
54812.265625
54812.0546875
54811.84375
54811.6328125
54811.421875
54811.2109375
54811.0
