54405.7890625
54405.578125
54405.3671875
54405.15625
54404.9453125
54404.734375
54404.5234375
54404.3125
54404.1015625
54403.890625
54403.6796875
54403.46875
54403.2578125
54403.046875
54402.8359375
54402.625
54402.4140625
54402.203125
54401.9921875
54401.78125
54401.5703125
54401.359375
54401.1484375
54400.9375
54400.7265625
54400.515625
54400.3046875
54400.09375
54399.8828125
54399.671875
54399.4609375
54399.25
54399.0390625
54398.828125
54398.6171875
54398.40625
54398.1953125
54397.984375
54397.7734375
54397.5625
54397.3515625
54397.140625
54396.9296875
54396.71875
54396.5078125
54396.296875
54396.0859375
54395.875
54395.6640625
54395.453125
54395.2421875
54395.03125
54394.8203125
54394.609375
54394.3984375
54394.1875
54393.9765625
54393.765625
54393.5546875
54393.34375
54393.1328125
54392.921875
54392.7109375
54392.5
54392.2890625
54392.078125
54391.8671875
54391.65625
54391.4453125
54391.234375
54391.0234375
54390.8125
54390.6015625
54390.390625
54390.1796875
54389.96875
54389.7578125
54389.546875
54389.3359375
54389.125
54388.9140625
54388.703125
54388.4921875
54388.28125
54388.0703125
54387.859375
54387.6484375
54387.4375
54387.2265625
54387.015625
54386.8046875
54386.59375
54386.3828125
54386.171875
54385.9609375
54385.75
54385.5390625
54385.328125
54385.1171875
54384.90625
54384.6953125
54384.484375
54384.2734375
54384.0625
54383.8515625
54383.640625
54383.4296875
54383.21875
54383.0078125
54382.796875
54382.5859375
54382.375
54382.1640625
54381.953125
54381.7421875
54381.53125
54381.3203125
54381.109375
54380.8984375
54380.6875
54380.4765625
54380.265625
54380.0546875
54379.84375
54379.6328125
54379.421875
54379.2109375
54379.0
