55647.7890625
55647.578125
55647.3671875
55647.15625
55646.9453125
55646.734375
55646.5234375
55646.3125
55646.1015625
55645.890625
55645.6796875
55645.46875
55645.2578125
55645.046875
55644.8359375
55644.625
55644.4140625
55644.203125
55643.9921875
55643.78125
55643.5703125
55643.359375
55643.1484375
55642.9375
55642.7265625
55642.515625
55642.3046875
55642.09375
55641.8828125
55641.671875
55641.4609375
55641.25
55641.0390625
55640.828125
55640.6171875
55640.40625
55640.1953125
55639.984375
55639.7734375
55639.5625
55639.3515625
55639.140625
55638.9296875
55638.71875
55638.5078125
55638.296875
55638.0859375
55637.875
55637.6640625
55637.453125
55637.2421875
55637.03125
55636.8203125
55636.609375
55636.3984375
55636.1875
55635.9765625
55635.765625
55635.5546875
55635.34375
55635.1328125
55634.921875
55634.7109375
55634.5
55634.2890625
55634.078125
55633.8671875
55633.65625
55633.4453125
55633.234375
55633.0234375
55632.8125
55632.6015625
55632.390625
55632.1796875
55631.96875
55631.7578125
55631.546875
55631.3359375
55631.125
55630.9140625
55630.703125
55630.4921875
55630.28125
55630.0703125
55629.859375
55629.6484375
55629.4375
55629.2265625
55629.015625
55628.8046875
55628.59375
55628.3828125
55628.171875
55627.9609375
55627.75
55627.5390625
55627.328125
55627.1171875
55626.90625
55626.6953125
55626.484375
55626.2734375
55626.0625
55625.8515625
55625.640625
55625.4296875
55625.21875
55625.0078125
55624.796875
55624.5859375
55624.375
55624.1640625
55623.953125
55623.7421875
55623.53125
55623.3203125
55623.109375
55622.8984375
55622.6875
55622.4765625
55622.265625
55622.0546875
55621.84375
55621.6328125
55621.421875
55621.2109375
55621.0
