56889.7890625
56889.578125
56889.3671875
56889.15625
56888.9453125
56888.734375
56888.5234375
56888.3125
56888.1015625
56887.890625
56887.6796875
56887.46875
56887.2578125
56887.046875
56886.8359375
56886.625
56886.4140625
56886.203125
56885.9921875
56885.78125
56885.5703125
56885.359375
56885.1484375
56884.9375
56884.7265625
56884.515625
56884.3046875
56884.09375
56883.8828125
56883.671875
56883.4609375
56883.25
56883.0390625
56882.828125
56882.6171875
56882.40625
56882.1953125
56881.984375
56881.7734375
56881.5625
56881.3515625
56881.140625
56880.9296875
56880.71875
56880.5078125
56880.296875
56880.0859375
56879.875
56879.6640625
56879.453125
56879.2421875
56879.03125
56878.8203125
56878.609375
56878.3984375
56878.1875
56877.9765625
56877.765625
56877.5546875
56877.34375
56877.1328125
56876.921875
56876.7109375
56876.5
56876.2890625
56876.078125
56875.8671875
56875.65625
56875.4453125
56875.234375
56875.0234375
56874.8125
56874.6015625
56874.390625
56874.1796875
56873.96875
56873.7578125
56873.546875
56873.3359375
56873.125
56872.9140625
56872.703125
56872.4921875
56872.28125
56872.0703125
56871.859375
56871.6484375
56871.4375
56871.2265625
56871.015625
56870.8046875
56870.59375
56870.3828125
56870.171875
56869.9609375
56869.75
56869.5390625
56869.328125
56869.1171875
56868.90625
56868.6953125
56868.484375
56868.2734375
56868.0625
56867.8515625
56867.640625
56867.4296875
56867.21875
56867.0078125
56866.796875
56866.5859375
56866.375
56866.1640625
56865.953125
56865.7421875
56865.53125
56865.3203125
56865.109375
56864.8984375
56864.6875
56864.4765625
56864.265625
56864.0546875
56863.84375
56863.6328125
56863.421875
56863.2109375
56863.0
