55701.7890625
55701.578125
55701.3671875
55701.15625
55700.9453125
55700.734375
55700.5234375
55700.3125
55700.1015625
55699.890625
55699.6796875
55699.46875
55699.2578125
55699.046875
55698.8359375
55698.625
55698.4140625
55698.203125
55697.9921875
55697.78125
55697.5703125
55697.359375
55697.1484375
55696.9375
55696.7265625
55696.515625
55696.3046875
55696.09375
55695.8828125
55695.671875
55695.4609375
55695.25
55695.0390625
55694.828125
55694.6171875
55694.40625
55694.1953125
55693.984375
55693.7734375
55693.5625
55693.3515625
55693.140625
55692.9296875
55692.71875
55692.5078125
55692.296875
55692.0859375
55691.875
55691.6640625
55691.453125
55691.2421875
55691.03125
55690.8203125
55690.609375
55690.3984375
55690.1875
55689.9765625
55689.765625
55689.5546875
55689.34375
55689.1328125
55688.921875
55688.7109375
55688.5
55688.2890625
55688.078125
55687.8671875
55687.65625
55687.4453125
55687.234375
55687.0234375
55686.8125
55686.6015625
55686.390625
55686.1796875
55685.96875
55685.7578125
55685.546875
55685.3359375
55685.125
55684.9140625
55684.703125
55684.4921875
55684.28125
55684.0703125
55683.859375
55683.6484375
55683.4375
55683.2265625
55683.015625
55682.8046875
55682.59375
55682.3828125
55682.171875
55681.9609375
55681.75
55681.5390625
55681.328125
55681.1171875
55680.90625
55680.6953125
55680.484375
55680.2734375
55680.0625
55679.8515625
55679.640625
55679.4296875
55679.21875
55679.0078125
55678.796875
55678.5859375
55678.375
55678.1640625
55677.953125
55677.7421875
55677.53125
55677.3203125
55677.109375
55676.8984375
55676.6875
55676.4765625
55676.265625
55676.0546875
55675.84375
55675.6328125
55675.421875
55675.2109375
55675.0
