56457.7890625
56457.578125
56457.3671875
56457.15625
56456.9453125
56456.734375
56456.5234375
56456.3125
56456.1015625
56455.890625
56455.6796875
56455.46875
56455.2578125
56455.046875
56454.8359375
56454.625
56454.4140625
56454.203125
56453.9921875
56453.78125
56453.5703125
56453.359375
56453.1484375
56452.9375
56452.7265625
56452.515625
56452.3046875
56452.09375
56451.8828125
56451.671875
56451.4609375
56451.25
56451.0390625
56450.828125
56450.6171875
56450.40625
56450.1953125
56449.984375
56449.7734375
56449.5625
56449.3515625
56449.140625
56448.9296875
56448.71875
56448.5078125
56448.296875
56448.0859375
56447.875
56447.6640625
56447.453125
56447.2421875
56447.03125
56446.8203125
56446.609375
56446.3984375
56446.1875
56445.9765625
56445.765625
56445.5546875
56445.34375
56445.1328125
56444.921875
56444.7109375
56444.5
56444.2890625
56444.078125
56443.8671875
56443.65625
56443.4453125
56443.234375
56443.0234375
56442.8125
56442.6015625
56442.390625
56442.1796875
56441.96875
56441.7578125
56441.546875
56441.3359375
56441.125
56440.9140625
56440.703125
56440.4921875
56440.28125
56440.0703125
56439.859375
56439.6484375
56439.4375
56439.2265625
56439.015625
56438.8046875
56438.59375
56438.3828125
56438.171875
56437.9609375
56437.75
56437.5390625
56437.328125
56437.1171875
56436.90625
56436.6953125
56436.484375
56436.2734375
56436.0625
56435.8515625
56435.640625
56435.4296875
56435.21875
56435.0078125
56434.796875
56434.5859375
56434.375
56434.1640625
56433.953125
56433.7421875
56433.53125
56433.3203125
56433.109375
56432.8984375
56432.6875
56432.4765625
56432.265625
56432.0546875
56431.84375
56431.6328125
56431.421875
56431.2109375
56431.0
