56079.7890625
56079.578125
56079.3671875
56079.15625
56078.9453125
56078.734375
56078.5234375
56078.3125
56078.1015625
56077.890625
56077.6796875
56077.46875
56077.2578125
56077.046875
56076.8359375
56076.625
56076.4140625
56076.203125
56075.9921875
56075.78125
56075.5703125
56075.359375
56075.1484375
56074.9375
56074.7265625
56074.515625
56074.3046875
56074.09375
56073.8828125
56073.671875
56073.4609375
56073.25
56073.0390625
56072.828125
56072.6171875
56072.40625
56072.1953125
56071.984375
56071.7734375
56071.5625
56071.3515625
56071.140625
56070.9296875
56070.71875
56070.5078125
56070.296875
56070.0859375
56069.875
56069.6640625
56069.453125
56069.2421875
56069.03125
56068.8203125
56068.609375
56068.3984375
56068.1875
56067.9765625
56067.765625
56067.5546875
56067.34375
56067.1328125
56066.921875
56066.7109375
56066.5
56066.2890625
56066.078125
56065.8671875
56065.65625
56065.4453125
56065.234375
56065.0234375
56064.8125
56064.6015625
56064.390625
56064.1796875
56063.96875
56063.7578125
56063.546875
56063.3359375
56063.125
56062.9140625
56062.703125
56062.4921875
56062.28125
56062.0703125
56061.859375
56061.6484375
56061.4375
56061.2265625
56061.015625
56060.8046875
56060.59375
56060.3828125
56060.171875
56059.9609375
56059.75
56059.5390625
56059.328125
56059.1171875
56058.90625
56058.6953125
56058.484375
56058.2734375
56058.0625
56057.8515625
56057.640625
56057.4296875
56057.21875
56057.0078125
56056.796875
56056.5859375
56056.375
56056.1640625
56055.953125
56055.7421875
56055.53125
56055.3203125
56055.109375
56054.8984375
56054.6875
56054.4765625
56054.265625
56054.0546875
56053.84375
56053.6328125
56053.421875
56053.2109375
56053.0
