56403.7890625
56403.578125
56403.3671875
56403.15625
56402.9453125
56402.734375
56402.5234375
56402.3125
56402.1015625
56401.890625
56401.6796875
56401.46875
56401.2578125
56401.046875
56400.8359375
56400.625
56400.4140625
56400.203125
56399.9921875
56399.78125
56399.5703125
56399.359375
56399.1484375
56398.9375
56398.7265625
56398.515625
56398.3046875
56398.09375
56397.8828125
56397.671875
56397.4609375
56397.25
56397.0390625
56396.828125
56396.6171875
56396.40625
56396.1953125
56395.984375
56395.7734375
56395.5625
56395.3515625
56395.140625
56394.9296875
56394.71875
56394.5078125
56394.296875
56394.0859375
56393.875
56393.6640625
56393.453125
56393.2421875
56393.03125
56392.8203125
56392.609375
56392.3984375
56392.1875
56391.9765625
56391.765625
56391.5546875
56391.34375
56391.1328125
56390.921875
56390.7109375
56390.5
56390.2890625
56390.078125
56389.8671875
56389.65625
56389.4453125
56389.234375
56389.0234375
56388.8125
56388.6015625
56388.390625
56388.1796875
56387.96875
56387.7578125
56387.546875
56387.3359375
56387.125
56386.9140625
56386.703125
56386.4921875
56386.28125
56386.0703125
56385.859375
56385.6484375
56385.4375
56385.2265625
56385.015625
56384.8046875
56384.59375
56384.3828125
56384.171875
56383.9609375
56383.75
56383.5390625
56383.328125
56383.1171875
56382.90625
56382.6953125
56382.484375
56382.2734375
56382.0625
56381.8515625
56381.640625
56381.4296875
56381.21875
56381.0078125
56380.796875
56380.5859375
56380.375
56380.1640625
56379.953125
56379.7421875
56379.53125
56379.3203125
56379.109375
56378.8984375
56378.6875
56378.4765625
56378.265625
56378.0546875
56377.84375
56377.6328125
56377.421875
56377.2109375
56377.0
