54216.7890625
54216.578125
54216.3671875
54216.15625
54215.9453125
54215.734375
54215.5234375
54215.3125
54215.1015625
54214.890625
54214.6796875
54214.46875
54214.2578125
54214.046875
54213.8359375
54213.625
54213.4140625
54213.203125
54212.9921875
54212.78125
54212.5703125
54212.359375
54212.1484375
54211.9375
54211.7265625
54211.515625
54211.3046875
54211.09375
54210.8828125
54210.671875
54210.4609375
54210.25
54210.0390625
54209.828125
54209.6171875
54209.40625
54209.1953125
54208.984375
54208.7734375
54208.5625
54208.3515625
54208.140625
54207.9296875
54207.71875
54207.5078125
54207.296875
54207.0859375
54206.875
54206.6640625
54206.453125
54206.2421875
54206.03125
54205.8203125
54205.609375
54205.3984375
54205.1875
54204.9765625
54204.765625
54204.5546875
54204.34375
54204.1328125
54203.921875
54203.7109375
54203.5
54203.2890625
54203.078125
54202.8671875
54202.65625
54202.4453125
54202.234375
54202.0234375
54201.8125
54201.6015625
54201.390625
54201.1796875
54200.96875
54200.7578125
54200.546875
54200.3359375
54200.125
54199.9140625
54199.703125
54199.4921875
54199.28125
54199.0703125
54198.859375
54198.6484375
54198.4375
54198.2265625
54198.015625
54197.8046875
54197.59375
54197.3828125
54197.171875
54196.9609375
54196.75
54196.5390625
54196.328125
54196.1171875
54195.90625
54195.6953125
54195.484375
54195.2734375
54195.0625
54194.8515625
54194.640625
54194.4296875
54194.21875
54194.0078125
54193.796875
54193.5859375
54193.375
54193.1640625
54192.953125
54192.7421875
54192.53125
54192.3203125
54192.109375
54191.8984375
54191.6875
54191.4765625
54191.265625
54191.0546875
54190.84375
54190.6328125
54190.421875
54190.2109375
54190.0
