55917.7890625
55917.578125
55917.3671875
55917.15625
55916.9453125
55916.734375
55916.5234375
55916.3125
55916.1015625
55915.890625
55915.6796875
55915.46875
55915.2578125
55915.046875
55914.8359375
55914.625
55914.4140625
55914.203125
55913.9921875
55913.78125
55913.5703125
55913.359375
55913.1484375
55912.9375
55912.7265625
55912.515625
55912.3046875
55912.09375
55911.8828125
55911.671875
55911.4609375
55911.25
55911.0390625
55910.828125
55910.6171875
55910.40625
55910.1953125
55909.984375
55909.7734375
55909.5625
55909.3515625
55909.140625
55908.9296875
55908.71875
55908.5078125
55908.296875
55908.0859375
55907.875
55907.6640625
55907.453125
55907.2421875
55907.03125
55906.8203125
55906.609375
55906.3984375
55906.1875
55905.9765625
55905.765625
55905.5546875
55905.34375
55905.1328125
55904.921875
55904.7109375
55904.5
55904.2890625
55904.078125
55903.8671875
55903.65625
55903.4453125
55903.234375
55903.0234375
55902.8125
55902.6015625
55902.390625
55902.1796875
55901.96875
55901.7578125
55901.546875
55901.3359375
55901.125
55900.9140625
55900.703125
55900.4921875
55900.28125
55900.0703125
55899.859375
55899.6484375
55899.4375
55899.2265625
55899.015625
55898.8046875
55898.59375
55898.3828125
55898.171875
55897.9609375
55897.75
55897.5390625
55897.328125
55897.1171875
55896.90625
55896.6953125
55896.484375
55896.2734375
55896.0625
55895.8515625
55895.640625
55895.4296875
55895.21875
55895.0078125
55894.796875
55894.5859375
55894.375
55894.1640625
55893.953125
55893.7421875
55893.53125
55893.3203125
55893.109375
55892.8984375
55892.6875
55892.4765625
55892.265625
55892.0546875
55891.84375
55891.6328125
55891.421875
55891.2109375
55891.0
