56538.7890625
56538.578125
56538.3671875
56538.15625
56537.9453125
56537.734375
56537.5234375
56537.3125
56537.1015625
56536.890625
56536.6796875
56536.46875
56536.2578125
56536.046875
56535.8359375
56535.625
56535.4140625
56535.203125
56534.9921875
56534.78125
56534.5703125
56534.359375
56534.1484375
56533.9375
56533.7265625
56533.515625
56533.3046875
56533.09375
56532.8828125
56532.671875
56532.4609375
56532.25
56532.0390625
56531.828125
56531.6171875
56531.40625
56531.1953125
56530.984375
56530.7734375
56530.5625
56530.3515625
56530.140625
56529.9296875
56529.71875
56529.5078125
56529.296875
56529.0859375
56528.875
56528.6640625
56528.453125
56528.2421875
56528.03125
56527.8203125
56527.609375
56527.3984375
56527.1875
56526.9765625
56526.765625
56526.5546875
56526.34375
56526.1328125
56525.921875
56525.7109375
56525.5
56525.2890625
56525.078125
56524.8671875
56524.65625
56524.4453125
56524.234375
56524.0234375
56523.8125
56523.6015625
56523.390625
56523.1796875
56522.96875
56522.7578125
56522.546875
56522.3359375
56522.125
56521.9140625
56521.703125
56521.4921875
56521.28125
56521.0703125
56520.859375
56520.6484375
56520.4375
56520.2265625
56520.015625
56519.8046875
56519.59375
56519.3828125
56519.171875
56518.9609375
56518.75
56518.5390625
56518.328125
56518.1171875
56517.90625
56517.6953125
56517.484375
56517.2734375
56517.0625
56516.8515625
56516.640625
56516.4296875
56516.21875
56516.0078125
56515.796875
56515.5859375
56515.375
56515.1640625
56514.953125
56514.7421875
56514.53125
56514.3203125
56514.109375
56513.8984375
56513.6875
56513.4765625
56513.265625
56513.0546875
56512.84375
56512.6328125
56512.421875
56512.2109375
56512.0
