56808.7890625
56808.578125
56808.3671875
56808.15625
56807.9453125
56807.734375
56807.5234375
56807.3125
56807.1015625
56806.890625
56806.6796875
56806.46875
56806.2578125
56806.046875
56805.8359375
56805.625
56805.4140625
56805.203125
56804.9921875
56804.78125
56804.5703125
56804.359375
56804.1484375
56803.9375
56803.7265625
56803.515625
56803.3046875
56803.09375
56802.8828125
56802.671875
56802.4609375
56802.25
56802.0390625
56801.828125
56801.6171875
56801.40625
56801.1953125
56800.984375
56800.7734375
56800.5625
56800.3515625
56800.140625
56799.9296875
56799.71875
56799.5078125
56799.296875
56799.0859375
56798.875
56798.6640625
56798.453125
56798.2421875
56798.03125
56797.8203125
56797.609375
56797.3984375
56797.1875
56796.9765625
56796.765625
56796.5546875
56796.34375
56796.1328125
56795.921875
56795.7109375
56795.5
56795.2890625
56795.078125
56794.8671875
56794.65625
56794.4453125
56794.234375
56794.0234375
56793.8125
56793.6015625
56793.390625
56793.1796875
56792.96875
56792.7578125
56792.546875
56792.3359375
56792.125
56791.9140625
56791.703125
56791.4921875
56791.28125
56791.0703125
56790.859375
56790.6484375
56790.4375
56790.2265625
56790.015625
56789.8046875
56789.59375
56789.3828125
56789.171875
56788.9609375
56788.75
56788.5390625
56788.328125
56788.1171875
56787.90625
56787.6953125
56787.484375
56787.2734375
56787.0625
56786.8515625
56786.640625
56786.4296875
56786.21875
56786.0078125
56785.796875
56785.5859375
56785.375
56785.1640625
56784.953125
56784.7421875
56784.53125
56784.3203125
56784.109375
56783.8984375
56783.6875
56783.4765625
56783.265625
56783.0546875
56782.84375
56782.6328125
56782.421875
56782.2109375
56782.0
