55215.7890625
55215.578125
55215.3671875
55215.15625
55214.9453125
55214.734375
55214.5234375
55214.3125
55214.1015625
55213.890625
55213.6796875
55213.46875
55213.2578125
55213.046875
55212.8359375
55212.625
55212.4140625
55212.203125
55211.9921875
55211.78125
55211.5703125
55211.359375
55211.1484375
55210.9375
55210.7265625
55210.515625
55210.3046875
55210.09375
55209.8828125
55209.671875
55209.4609375
55209.25
55209.0390625
55208.828125
55208.6171875
55208.40625
55208.1953125
55207.984375
55207.7734375
55207.5625
55207.3515625
55207.140625
55206.9296875
55206.71875
55206.5078125
55206.296875
55206.0859375
55205.875
55205.6640625
55205.453125
55205.2421875
55205.03125
55204.8203125
55204.609375
55204.3984375
55204.1875
55203.9765625
55203.765625
55203.5546875
55203.34375
55203.1328125
55202.921875
55202.7109375
55202.5
55202.2890625
55202.078125
55201.8671875
55201.65625
55201.4453125
55201.234375
55201.0234375
55200.8125
55200.6015625
55200.390625
55200.1796875
55199.96875
55199.7578125
55199.546875
55199.3359375
55199.125
55198.9140625
55198.703125
55198.4921875
55198.28125
55198.0703125
55197.859375
55197.6484375
55197.4375
55197.2265625
55197.015625
55196.8046875
55196.59375
55196.3828125
55196.171875
55195.9609375
55195.75
55195.5390625
55195.328125
55195.1171875
55194.90625
55194.6953125
55194.484375
55194.2734375
55194.0625
55193.8515625
55193.640625
55193.4296875
55193.21875
55193.0078125
55192.796875
55192.5859375
55192.375
55192.1640625
55191.953125
55191.7421875
55191.53125
55191.3203125
55191.109375
55190.8984375
55190.6875
55190.4765625
55190.265625
55190.0546875
55189.84375
55189.6328125
55189.421875
55189.2109375
55189.0
