55971.7890625
55971.578125
55971.3671875
55971.15625
55970.9453125
55970.734375
55970.5234375
55970.3125
55970.1015625
55969.890625
55969.6796875
55969.46875
55969.2578125
55969.046875
55968.8359375
55968.625
55968.4140625
55968.203125
55967.9921875
55967.78125
55967.5703125
55967.359375
55967.1484375
55966.9375
55966.7265625
55966.515625
55966.3046875
55966.09375
55965.8828125
55965.671875
55965.4609375
55965.25
55965.0390625
55964.828125
55964.6171875
55964.40625
55964.1953125
55963.984375
55963.7734375
55963.5625
55963.3515625
55963.140625
55962.9296875
55962.71875
55962.5078125
55962.296875
55962.0859375
55961.875
55961.6640625
55961.453125
55961.2421875
55961.03125
55960.8203125
55960.609375
55960.3984375
55960.1875
55959.9765625
55959.765625
55959.5546875
55959.34375
55959.1328125
55958.921875
55958.7109375
55958.5
55958.2890625
55958.078125
55957.8671875
55957.65625
55957.4453125
55957.234375
55957.0234375
55956.8125
55956.6015625
55956.390625
55956.1796875
55955.96875
55955.7578125
55955.546875
55955.3359375
55955.125
55954.9140625
55954.703125
55954.4921875
55954.28125
55954.0703125
55953.859375
55953.6484375
55953.4375
55953.2265625
55953.015625
55952.8046875
55952.59375
55952.3828125
55952.171875
55951.9609375
55951.75
55951.5390625
55951.328125
55951.1171875
55950.90625
55950.6953125
55950.484375
55950.2734375
55950.0625
55949.8515625
55949.640625
55949.4296875
55949.21875
55949.0078125
55948.796875
55948.5859375
55948.375
55948.1640625
55947.953125
55947.7421875
55947.53125
55947.3203125
55947.109375
55946.8984375
55946.6875
55946.4765625
55946.265625
55946.0546875
55945.84375
55945.6328125
55945.421875
55945.2109375
55945.0
