56727.7890625
56727.578125
56727.3671875
56727.15625
56726.9453125
56726.734375
56726.5234375
56726.3125
56726.1015625
56725.890625
56725.6796875
56725.46875
56725.2578125
56725.046875
56724.8359375
56724.625
56724.4140625
56724.203125
56723.9921875
56723.78125
56723.5703125
56723.359375
56723.1484375
56722.9375
56722.7265625
56722.515625
56722.3046875
56722.09375
56721.8828125
56721.671875
56721.4609375
56721.25
56721.0390625
56720.828125
56720.6171875
56720.40625
56720.1953125
56719.984375
56719.7734375
56719.5625
56719.3515625
56719.140625
56718.9296875
56718.71875
56718.5078125
56718.296875
56718.0859375
56717.875
56717.6640625
56717.453125
56717.2421875
56717.03125
56716.8203125
56716.609375
56716.3984375
56716.1875
56715.9765625
56715.765625
56715.5546875
56715.34375
56715.1328125
56714.921875
56714.7109375
56714.5
56714.2890625
56714.078125
56713.8671875
56713.65625
56713.4453125
56713.234375
56713.0234375
56712.8125
56712.6015625
56712.390625
56712.1796875
56711.96875
56711.7578125
56711.546875
56711.3359375
56711.125
56710.9140625
56710.703125
56710.4921875
56710.28125
56710.0703125
56709.859375
56709.6484375
56709.4375
56709.2265625
56709.015625
56708.8046875
56708.59375
56708.3828125
56708.171875
56707.9609375
56707.75
56707.5390625
56707.328125
56707.1171875
56706.90625
56706.6953125
56706.484375
56706.2734375
56706.0625
56705.8515625
56705.640625
56705.4296875
56705.21875
56705.0078125
56704.796875
56704.5859375
56704.375
56704.1640625
56703.953125
56703.7421875
56703.53125
56703.3203125
56703.109375
56702.8984375
56702.6875
56702.4765625
56702.265625
56702.0546875
56701.84375
56701.6328125
56701.421875
56701.2109375
56701.0
