54810.7890625
54810.578125
54810.3671875
54810.15625
54809.9453125
54809.734375
54809.5234375
54809.3125
54809.1015625
54808.890625
54808.6796875
54808.46875
54808.2578125
54808.046875
54807.8359375
54807.625
54807.4140625
54807.203125
54806.9921875
54806.78125
54806.5703125
54806.359375
54806.1484375
54805.9375
54805.7265625
54805.515625
54805.3046875
54805.09375
54804.8828125
54804.671875
54804.4609375
54804.25
54804.0390625
54803.828125
54803.6171875
54803.40625
54803.1953125
54802.984375
54802.7734375
54802.5625
54802.3515625
54802.140625
54801.9296875
54801.71875
54801.5078125
54801.296875
54801.0859375
54800.875
54800.6640625
54800.453125
54800.2421875
54800.03125
54799.8203125
54799.609375
54799.3984375
54799.1875
54798.9765625
54798.765625
54798.5546875
54798.34375
54798.1328125
54797.921875
54797.7109375
54797.5
54797.2890625
54797.078125
54796.8671875
54796.65625
54796.4453125
54796.234375
54796.0234375
54795.8125
54795.6015625
54795.390625
54795.1796875
54794.96875
54794.7578125
54794.546875
54794.3359375
54794.125
54793.9140625
54793.703125
54793.4921875
54793.28125
54793.0703125
54792.859375
54792.6484375
54792.4375
54792.2265625
54792.015625
54791.8046875
54791.59375
54791.3828125
54791.171875
54790.9609375
54790.75
54790.5390625
54790.328125
54790.1171875
54789.90625
54789.6953125
54789.484375
54789.2734375
54789.0625
54788.8515625
54788.640625
54788.4296875
54788.21875
54788.0078125
54787.796875
54787.5859375
54787.375
54787.1640625
54786.953125
54786.7421875
54786.53125
54786.3203125
54786.109375
54785.8984375
54785.6875
54785.4765625
54785.265625
54785.0546875
54784.84375
54784.6328125
54784.421875
54784.2109375
54784.0
