55890.7890625
55890.578125
55890.3671875
55890.15625
55889.9453125
55889.734375
55889.5234375
55889.3125
55889.1015625
55888.890625
55888.6796875
55888.46875
55888.2578125
55888.046875
55887.8359375
55887.625
55887.4140625
55887.203125
55886.9921875
55886.78125
55886.5703125
55886.359375
55886.1484375
55885.9375
55885.7265625
55885.515625
55885.3046875
55885.09375
55884.8828125
55884.671875
55884.4609375
55884.25
55884.0390625
55883.828125
55883.6171875
55883.40625
55883.1953125
55882.984375
55882.7734375
55882.5625
55882.3515625
55882.140625
55881.9296875
55881.71875
55881.5078125
55881.296875
55881.0859375
55880.875
55880.6640625
55880.453125
55880.2421875
55880.03125
55879.8203125
55879.609375
55879.3984375
55879.1875
55878.9765625
55878.765625
55878.5546875
55878.34375
55878.1328125
55877.921875
55877.7109375
55877.5
55877.2890625
55877.078125
55876.8671875
55876.65625
55876.4453125
55876.234375
55876.0234375
55875.8125
55875.6015625
55875.390625
55875.1796875
55874.96875
55874.7578125
55874.546875
55874.3359375
55874.125
55873.9140625
55873.703125
55873.4921875
55873.28125
55873.0703125
55872.859375
55872.6484375
55872.4375
55872.2265625
55872.015625
55871.8046875
55871.59375
55871.3828125
55871.171875
55870.9609375
55870.75
55870.5390625
55870.328125
55870.1171875
55869.90625
55869.6953125
55869.484375
55869.2734375
55869.0625
55868.8515625
55868.640625
55868.4296875
55868.21875
55868.0078125
55867.796875
55867.5859375
55867.375
55867.1640625
55866.953125
55866.7421875
55866.53125
55866.3203125
55866.109375
55865.8984375
55865.6875
55865.4765625
55865.265625
55865.0546875
55864.84375
55864.6328125
55864.421875
55864.2109375
55864.0
