56646.7890625
56646.578125
56646.3671875
56646.15625
56645.9453125
56645.734375
56645.5234375
56645.3125
56645.1015625
56644.890625
56644.6796875
56644.46875
56644.2578125
56644.046875
56643.8359375
56643.625
56643.4140625
56643.203125
56642.9921875
56642.78125
56642.5703125
56642.359375
56642.1484375
56641.9375
56641.7265625
56641.515625
56641.3046875
56641.09375
56640.8828125
56640.671875
56640.4609375
56640.25
56640.0390625
56639.828125
56639.6171875
56639.40625
56639.1953125
56638.984375
56638.7734375
56638.5625
56638.3515625
56638.140625
56637.9296875
56637.71875
56637.5078125
56637.296875
56637.0859375
56636.875
56636.6640625
56636.453125
56636.2421875
56636.03125
56635.8203125
56635.609375
56635.3984375
56635.1875
56634.9765625
56634.765625
56634.5546875
56634.34375
56634.1328125
56633.921875
56633.7109375
56633.5
56633.2890625
56633.078125
56632.8671875
56632.65625
56632.4453125
56632.234375
56632.0234375
56631.8125
56631.6015625
56631.390625
56631.1796875
56630.96875
56630.7578125
56630.546875
56630.3359375
56630.125
56629.9140625
56629.703125
56629.4921875
56629.28125
56629.0703125
56628.859375
56628.6484375
56628.4375
56628.2265625
56628.015625
56627.8046875
56627.59375
56627.3828125
56627.171875
56626.9609375
56626.75
56626.5390625
56626.328125
56626.1171875
56625.90625
56625.6953125
56625.484375
56625.2734375
56625.0625
56624.8515625
56624.640625
56624.4296875
56624.21875
56624.0078125
56623.796875
56623.5859375
56623.375
56623.1640625
56622.953125
56622.7421875
56622.53125
56622.3203125
56622.109375
56621.8984375
56621.6875
56621.4765625
56621.265625
56621.0546875
56620.84375
56620.6328125
56620.421875
56620.2109375
56620.0
