54918.7890625
54918.578125
54918.3671875
54918.15625
54917.9453125
54917.734375
54917.5234375
54917.3125
54917.1015625
54916.890625
54916.6796875
54916.46875
54916.2578125
54916.046875
54915.8359375
54915.625
54915.4140625
54915.203125
54914.9921875
54914.78125
54914.5703125
54914.359375
54914.1484375
54913.9375
54913.7265625
54913.515625
54913.3046875
54913.09375
54912.8828125
54912.671875
54912.4609375
54912.25
54912.0390625
54911.828125
54911.6171875
54911.40625
54911.1953125
54910.984375
54910.7734375
54910.5625
54910.3515625
54910.140625
54909.9296875
54909.71875
54909.5078125
54909.296875
54909.0859375
54908.875
54908.6640625
54908.453125
54908.2421875
54908.03125
54907.8203125
54907.609375
54907.3984375
54907.1875
54906.9765625
54906.765625
54906.5546875
54906.34375
54906.1328125
54905.921875
54905.7109375
54905.5
54905.2890625
54905.078125
54904.8671875
54904.65625
54904.4453125
54904.234375
54904.0234375
54903.8125
54903.6015625
54903.390625
54903.1796875
54902.96875
54902.7578125
54902.546875
54902.3359375
54902.125
54901.9140625
54901.703125
54901.4921875
54901.28125
54901.0703125
54900.859375
54900.6484375
54900.4375
54900.2265625
54900.015625
54899.8046875
54899.59375
54899.3828125
54899.171875
54898.9609375
54898.75
54898.5390625
54898.328125
54898.1171875
54897.90625
54897.6953125
54897.484375
54897.2734375
54897.0625
54896.8515625
54896.640625
54896.4296875
54896.21875
54896.0078125
54895.796875
54895.5859375
54895.375
54895.1640625
54894.953125
54894.7421875
54894.53125
54894.3203125
54894.109375
54893.8984375
54893.6875
54893.4765625
54893.265625
54893.0546875
54892.84375
54892.6328125
54892.421875
54892.2109375
54892.0
