56835.7890625
56835.578125
56835.3671875
56835.15625
56834.9453125
56834.734375
56834.5234375
56834.3125
56834.1015625
56833.890625
56833.6796875
56833.46875
56833.2578125
56833.046875
56832.8359375
56832.625
56832.4140625
56832.203125
56831.9921875
56831.78125
56831.5703125
56831.359375
56831.1484375
56830.9375
56830.7265625
56830.515625
56830.3046875
56830.09375
56829.8828125
56829.671875
56829.4609375
56829.25
56829.0390625
56828.828125
56828.6171875
56828.40625
56828.1953125
56827.984375
56827.7734375
56827.5625
56827.3515625
56827.140625
56826.9296875
56826.71875
56826.5078125
56826.296875
56826.0859375
56825.875
56825.6640625
56825.453125
56825.2421875
56825.03125
56824.8203125
56824.609375
56824.3984375
56824.1875
56823.9765625
56823.765625
56823.5546875
56823.34375
56823.1328125
56822.921875
56822.7109375
56822.5
56822.2890625
56822.078125
56821.8671875
56821.65625
56821.4453125
56821.234375
56821.0234375
56820.8125
56820.6015625
56820.390625
56820.1796875
56819.96875
56819.7578125
56819.546875
56819.3359375
56819.125
56818.9140625
56818.703125
56818.4921875
56818.28125
56818.0703125
56817.859375
56817.6484375
56817.4375
56817.2265625
56817.015625
56816.8046875
56816.59375
56816.3828125
56816.171875
56815.9609375
56815.75
56815.5390625
56815.328125
56815.1171875
56814.90625
56814.6953125
56814.484375
56814.2734375
56814.0625
56813.8515625
56813.640625
56813.4296875
56813.21875
56813.0078125
56812.796875
56812.5859375
56812.375
56812.1640625
56811.953125
56811.7421875
56811.53125
56811.3203125
56811.109375
56810.8984375
56810.6875
56810.4765625
56810.265625
56810.0546875
56809.84375
56809.6328125
56809.421875
56809.2109375
56809.0
