55080.7890625
55080.578125
55080.3671875
55080.15625
55079.9453125
55079.734375
55079.5234375
55079.3125
55079.1015625
55078.890625
55078.6796875
55078.46875
55078.2578125
55078.046875
55077.8359375
55077.625
55077.4140625
55077.203125
55076.9921875
55076.78125
55076.5703125
55076.359375
55076.1484375
55075.9375
55075.7265625
55075.515625
55075.3046875
55075.09375
55074.8828125
55074.671875
55074.4609375
55074.25
55074.0390625
55073.828125
55073.6171875
55073.40625
55073.1953125
55072.984375
55072.7734375
55072.5625
55072.3515625
55072.140625
55071.9296875
55071.71875
55071.5078125
55071.296875
55071.0859375
55070.875
55070.6640625
55070.453125
55070.2421875
55070.03125
55069.8203125
55069.609375
55069.3984375
55069.1875
55068.9765625
55068.765625
55068.5546875
55068.34375
55068.1328125
55067.921875
55067.7109375
55067.5
55067.2890625
55067.078125
55066.8671875
55066.65625
55066.4453125
55066.234375
55066.0234375
55065.8125
55065.6015625
55065.390625
55065.1796875
55064.96875
55064.7578125
55064.546875
55064.3359375
55064.125
55063.9140625
55063.703125
55063.4921875
55063.28125
55063.0703125
55062.859375
55062.6484375
55062.4375
55062.2265625
55062.015625
55061.8046875
55061.59375
55061.3828125
55061.171875
55060.9609375
55060.75
55060.5390625
55060.328125
55060.1171875
55059.90625
55059.6953125
55059.484375
55059.2734375
55059.0625
55058.8515625
55058.640625
55058.4296875
55058.21875
55058.0078125
55057.796875
55057.5859375
55057.375
55057.1640625
55056.953125
55056.7421875
55056.53125
55056.3203125
55056.109375
55055.8984375
55055.6875
55055.4765625
55055.265625
55055.0546875
55054.84375
55054.6328125
55054.421875
55054.2109375
55054.0
