56754.7890625
56754.578125
56754.3671875
56754.15625
56753.9453125
56753.734375
56753.5234375
56753.3125
56753.1015625
56752.890625
56752.6796875
56752.46875
56752.2578125
56752.046875
56751.8359375
56751.625
56751.4140625
56751.203125
56750.9921875
56750.78125
56750.5703125
56750.359375
56750.1484375
56749.9375
56749.7265625
56749.515625
56749.3046875
56749.09375
56748.8828125
56748.671875
56748.4609375
56748.25
56748.0390625
56747.828125
56747.6171875
56747.40625
56747.1953125
56746.984375
56746.7734375
56746.5625
56746.3515625
56746.140625
56745.9296875
56745.71875
56745.5078125
56745.296875
56745.0859375
56744.875
56744.6640625
56744.453125
56744.2421875
56744.03125
56743.8203125
56743.609375
56743.3984375
56743.1875
56742.9765625
56742.765625
56742.5546875
56742.34375
56742.1328125
56741.921875
56741.7109375
56741.5
56741.2890625
56741.078125
56740.8671875
56740.65625
56740.4453125
56740.234375
56740.0234375
56739.8125
56739.6015625
56739.390625
56739.1796875
56738.96875
56738.7578125
56738.546875
56738.3359375
56738.125
56737.9140625
56737.703125
56737.4921875
56737.28125
56737.0703125
56736.859375
56736.6484375
56736.4375
56736.2265625
56736.015625
56735.8046875
56735.59375
56735.3828125
56735.171875
56734.9609375
56734.75
56734.5390625
56734.328125
56734.1171875
56733.90625
56733.6953125
56733.484375
56733.2734375
56733.0625
56732.8515625
56732.640625
56732.4296875
56732.21875
56732.0078125
56731.796875
56731.5859375
56731.375
56731.1640625
56730.953125
56730.7421875
56730.53125
56730.3203125
56730.109375
56729.8984375
56729.6875
56729.4765625
56729.265625
56729.0546875
56728.84375
56728.6328125
56728.421875
56728.2109375
56728.0
