54297.7890625
54297.578125
54297.3671875
54297.15625
54296.9453125
54296.734375
54296.5234375
54296.3125
54296.1015625
54295.890625
54295.6796875
54295.46875
54295.2578125
54295.046875
54294.8359375
54294.625
54294.4140625
54294.203125
54293.9921875
54293.78125
54293.5703125
54293.359375
54293.1484375
54292.9375
54292.7265625
54292.515625
54292.3046875
54292.09375
54291.8828125
54291.671875
54291.4609375
54291.25
54291.0390625
54290.828125
54290.6171875
54290.40625
54290.1953125
54289.984375
54289.7734375
54289.5625
54289.3515625
54289.140625
54288.9296875
54288.71875
54288.5078125
54288.296875
54288.0859375
54287.875
54287.6640625
54287.453125
54287.2421875
54287.03125
54286.8203125
54286.609375
54286.3984375
54286.1875
54285.9765625
54285.765625
54285.5546875
54285.34375
54285.1328125
54284.921875
54284.7109375
54284.5
54284.2890625
54284.078125
54283.8671875
54283.65625
54283.4453125
54283.234375
54283.0234375
54282.8125
54282.6015625
54282.390625
54282.1796875
54281.96875
54281.7578125
54281.546875
54281.3359375
54281.125
54280.9140625
54280.703125
54280.4921875
54280.28125
54280.0703125
54279.859375
54279.6484375
54279.4375
54279.2265625
54279.015625
54278.8046875
54278.59375
54278.3828125
54278.171875
54277.9609375
54277.75
54277.5390625
54277.328125
54277.1171875
54276.90625
54276.6953125
54276.484375
54276.2734375
54276.0625
54275.8515625
54275.640625
54275.4296875
54275.21875
54275.0078125
54274.796875
54274.5859375
54274.375
54274.1640625
54273.953125
54273.7421875
54273.53125
54273.3203125
54273.109375
54272.8984375
54272.6875
54272.4765625
54272.265625
54272.0546875
54271.84375
54271.6328125
54271.421875
54271.2109375
54271.0
