54513.7890625
54513.578125
54513.3671875
54513.15625
54512.9453125
54512.734375
54512.5234375
54512.3125
54512.1015625
54511.890625
54511.6796875
54511.46875
54511.2578125
54511.046875
54510.8359375
54510.625
54510.4140625
54510.203125
54509.9921875
54509.78125
54509.5703125
54509.359375
54509.1484375
54508.9375
54508.7265625
54508.515625
54508.3046875
54508.09375
54507.8828125
54507.671875
54507.4609375
54507.25
54507.0390625
54506.828125
54506.6171875
54506.40625
54506.1953125
54505.984375
54505.7734375
54505.5625
54505.3515625
54505.140625
54504.9296875
54504.71875
54504.5078125
54504.296875
54504.0859375
54503.875
54503.6640625
54503.453125
54503.2421875
54503.03125
54502.8203125
54502.609375
54502.3984375
54502.1875
54501.9765625
54501.765625
54501.5546875
54501.34375
54501.1328125
54500.921875
54500.7109375
54500.5
54500.2890625
54500.078125
54499.8671875
54499.65625
54499.4453125
54499.234375
54499.0234375
54498.8125
54498.6015625
54498.390625
54498.1796875
54497.96875
54497.7578125
54497.546875
54497.3359375
54497.125
54496.9140625
54496.703125
54496.4921875
54496.28125
54496.0703125
54495.859375
54495.6484375
54495.4375
54495.2265625
54495.015625
54494.8046875
54494.59375
54494.3828125
54494.171875
54493.9609375
54493.75
54493.5390625
54493.328125
54493.1171875
54492.90625
54492.6953125
54492.484375
54492.2734375
54492.0625
54491.8515625
54491.640625
54491.4296875
54491.21875
54491.0078125
54490.796875
54490.5859375
54490.375
54490.1640625
54489.953125
54489.7421875
54489.53125
54489.3203125
54489.109375
54488.8984375
54488.6875
54488.4765625
54488.265625
54488.0546875
54487.84375
54487.6328125
54487.421875
54487.2109375
54487.0
