54999.7890625
54999.578125
54999.3671875
54999.15625
54998.9453125
54998.734375
54998.5234375
54998.3125
54998.1015625
54997.890625
54997.6796875
54997.46875
54997.2578125
54997.046875
54996.8359375
54996.625
54996.4140625
54996.203125
54995.9921875
54995.78125
54995.5703125
54995.359375
54995.1484375
54994.9375
54994.7265625
54994.515625
54994.3046875
54994.09375
54993.8828125
54993.671875
54993.4609375
54993.25
54993.0390625
54992.828125
54992.6171875
54992.40625
54992.1953125
54991.984375
54991.7734375
54991.5625
54991.3515625
54991.140625
54990.9296875
54990.71875
54990.5078125
54990.296875
54990.0859375
54989.875
54989.6640625
54989.453125
54989.2421875
54989.03125
54988.8203125
54988.609375
54988.3984375
54988.1875
54987.9765625
54987.765625
54987.5546875
54987.34375
54987.1328125
54986.921875
54986.7109375
54986.5
54986.2890625
54986.078125
54985.8671875
54985.65625
54985.4453125
54985.234375
54985.0234375
54984.8125
54984.6015625
54984.390625
54984.1796875
54983.96875
54983.7578125
54983.546875
54983.3359375
54983.125
54982.9140625
54982.703125
54982.4921875
54982.28125
54982.0703125
54981.859375
54981.6484375
54981.4375
54981.2265625
54981.015625
54980.8046875
54980.59375
54980.3828125
54980.171875
54979.9609375
54979.75
54979.5390625
54979.328125
54979.1171875
54978.90625
54978.6953125
54978.484375
54978.2734375
54978.0625
54977.8515625
54977.640625
54977.4296875
54977.21875
54977.0078125
54976.796875
54976.5859375
54976.375
54976.1640625
54975.953125
54975.7421875
54975.53125
54975.3203125
54975.109375
54974.8984375
54974.6875
54974.4765625
54974.265625
54974.0546875
54973.84375
54973.6328125
54973.421875
54973.2109375
54973.0
