55107.7890625
55107.578125
55107.3671875
55107.15625
55106.9453125
55106.734375
55106.5234375
55106.3125
55106.1015625
55105.890625
55105.6796875
55105.46875
55105.2578125
55105.046875
55104.8359375
55104.625
55104.4140625
55104.203125
55103.9921875
55103.78125
55103.5703125
55103.359375
55103.1484375
55102.9375
55102.7265625
55102.515625
55102.3046875
55102.09375
55101.8828125
55101.671875
55101.4609375
55101.25
55101.0390625
55100.828125
55100.6171875
55100.40625
55100.1953125
55099.984375
55099.7734375
55099.5625
55099.3515625
55099.140625
55098.9296875
55098.71875
55098.5078125
55098.296875
55098.0859375
55097.875
55097.6640625
55097.453125
55097.2421875
55097.03125
55096.8203125
55096.609375
55096.3984375
55096.1875
55095.9765625
55095.765625
55095.5546875
55095.34375
55095.1328125
55094.921875
55094.7109375
55094.5
55094.2890625
55094.078125
55093.8671875
55093.65625
55093.4453125
55093.234375
55093.0234375
55092.8125
55092.6015625
55092.390625
55092.1796875
55091.96875
55091.7578125
55091.546875
55091.3359375
55091.125
55090.9140625
55090.703125
55090.4921875
55090.28125
55090.0703125
55089.859375
55089.6484375
55089.4375
55089.2265625
55089.015625
55088.8046875
55088.59375
55088.3828125
55088.171875
55087.9609375
55087.75
55087.5390625
55087.328125
55087.1171875
55086.90625
55086.6953125
55086.484375
55086.2734375
55086.0625
55085.8515625
55085.640625
55085.4296875
55085.21875
55085.0078125
55084.796875
55084.5859375
55084.375
55084.1640625
55083.953125
55083.7421875
55083.53125
55083.3203125
55083.109375
55082.8984375
55082.6875
55082.4765625
55082.265625
55082.0546875
55081.84375
55081.6328125
55081.421875
55081.2109375
55081.0
