55404.7890625
55404.578125
55404.3671875
55404.15625
55403.9453125
55403.734375
55403.5234375
55403.3125
55403.1015625
55402.890625
55402.6796875
55402.46875
55402.2578125
55402.046875
55401.8359375
55401.625
55401.4140625
55401.203125
55400.9921875
55400.78125
55400.5703125
55400.359375
55400.1484375
55399.9375
55399.7265625
55399.515625
55399.3046875
55399.09375
55398.8828125
55398.671875
55398.4609375
55398.25
55398.0390625
55397.828125
55397.6171875
55397.40625
55397.1953125
55396.984375
55396.7734375
55396.5625
55396.3515625
55396.140625
55395.9296875
55395.71875
55395.5078125
55395.296875
55395.0859375
55394.875
55394.6640625
55394.453125
55394.2421875
55394.03125
55393.8203125
55393.609375
55393.3984375
55393.1875
55392.9765625
55392.765625
55392.5546875
55392.34375
55392.1328125
55391.921875
55391.7109375
55391.5
55391.2890625
55391.078125
55390.8671875
55390.65625
55390.4453125
55390.234375
55390.0234375
55389.8125
55389.6015625
55389.390625
55389.1796875
55388.96875
55388.7578125
55388.546875
55388.3359375
55388.125
55387.9140625
55387.703125
55387.4921875
55387.28125
55387.0703125
55386.859375
55386.6484375
55386.4375
55386.2265625
55386.015625
55385.8046875
55385.59375
55385.3828125
55385.171875
55384.9609375
55384.75
55384.5390625
55384.328125
55384.1171875
55383.90625
55383.6953125
55383.484375
55383.2734375
55383.0625
55382.8515625
55382.640625
55382.4296875
55382.21875
55382.0078125
55381.796875
55381.5859375
55381.375
55381.1640625
55380.953125
55380.7421875
55380.53125
55380.3203125
55380.109375
55379.8984375
55379.6875
55379.4765625
55379.265625
55379.0546875
55378.84375
55378.6328125
55378.421875
55378.2109375
55378.0
