54324.7890625
54324.578125
54324.3671875
54324.15625
54323.9453125
54323.734375
54323.5234375
54323.3125
54323.1015625
54322.890625
54322.6796875
54322.46875
54322.2578125
54322.046875
54321.8359375
54321.625
54321.4140625
54321.203125
54320.9921875
54320.78125
54320.5703125
54320.359375
54320.1484375
54319.9375
54319.7265625
54319.515625
54319.3046875
54319.09375
54318.8828125
54318.671875
54318.4609375
54318.25
54318.0390625
54317.828125
54317.6171875
54317.40625
54317.1953125
54316.984375
54316.7734375
54316.5625
54316.3515625
54316.140625
54315.9296875
54315.71875
54315.5078125
54315.296875
54315.0859375
54314.875
54314.6640625
54314.453125
54314.2421875
54314.03125
54313.8203125
54313.609375
54313.3984375
54313.1875
54312.9765625
54312.765625
54312.5546875
54312.34375
54312.1328125
54311.921875
54311.7109375
54311.5
54311.2890625
54311.078125
54310.8671875
54310.65625
54310.4453125
54310.234375
54310.0234375
54309.8125
54309.6015625
54309.390625
54309.1796875
54308.96875
54308.7578125
54308.546875
54308.3359375
54308.125
54307.9140625
54307.703125
54307.4921875
54307.28125
54307.0703125
54306.859375
54306.6484375
54306.4375
54306.2265625
54306.015625
54305.8046875
54305.59375
54305.3828125
54305.171875
54304.9609375
54304.75
54304.5390625
54304.328125
54304.1171875
54303.90625
54303.6953125
54303.484375
54303.2734375
54303.0625
54302.8515625
54302.640625
54302.4296875
54302.21875
54302.0078125
54301.796875
54301.5859375
54301.375
54301.1640625
54300.953125
54300.7421875
54300.53125
54300.3203125
54300.109375
54299.8984375
54299.6875
54299.4765625
54299.265625
54299.0546875
54298.84375
54298.6328125
54298.421875
54298.2109375
54298.0
