54621.7890625
54621.578125
54621.3671875
54621.15625
54620.9453125
54620.734375
54620.5234375
54620.3125
54620.1015625
54619.890625
54619.6796875
54619.46875
54619.2578125
54619.046875
54618.8359375
54618.625
54618.4140625
54618.203125
54617.9921875
54617.78125
54617.5703125
54617.359375
54617.1484375
54616.9375
54616.7265625
54616.515625
54616.3046875
54616.09375
54615.8828125
54615.671875
54615.4609375
54615.25
54615.0390625
54614.828125
54614.6171875
54614.40625
54614.1953125
54613.984375
54613.7734375
54613.5625
54613.3515625
54613.140625
54612.9296875
54612.71875
54612.5078125
54612.296875
54612.0859375
54611.875
54611.6640625
54611.453125
54611.2421875
54611.03125
54610.8203125
54610.609375
54610.3984375
54610.1875
54609.9765625
54609.765625
54609.5546875
54609.34375
54609.1328125
54608.921875
54608.7109375
54608.5
54608.2890625
54608.078125
54607.8671875
54607.65625
54607.4453125
54607.234375
54607.0234375
54606.8125
54606.6015625
54606.390625
54606.1796875
54605.96875
54605.7578125
54605.546875
54605.3359375
54605.125
54604.9140625
54604.703125
54604.4921875
54604.28125
54604.0703125
54603.859375
54603.6484375
54603.4375
54603.2265625
54603.015625
54602.8046875
54602.59375
54602.3828125
54602.171875
54601.9609375
54601.75
54601.5390625
54601.328125
54601.1171875
54600.90625
54600.6953125
54600.484375
54600.2734375
54600.0625
54599.8515625
54599.640625
54599.4296875
54599.21875
54599.0078125
54598.796875
54598.5859375
54598.375
54598.1640625
54597.953125
54597.7421875
54597.53125
54597.3203125
54597.109375
54596.8984375
54596.6875
54596.4765625
54596.265625
54596.0546875
54595.84375
54595.6328125
54595.421875
54595.2109375
54595.0
