54189.7890625
54189.578125
54189.3671875
54189.15625
54188.9453125
54188.734375
54188.5234375
54188.3125
54188.1015625
54187.890625
54187.6796875
54187.46875
54187.2578125
54187.046875
54186.8359375
54186.625
54186.4140625
54186.203125
54185.9921875
54185.78125
54185.5703125
54185.359375
54185.1484375
54184.9375
54184.7265625
54184.515625
54184.3046875
54184.09375
54183.8828125
54183.671875
54183.4609375
54183.25
54183.0390625
54182.828125
54182.6171875
54182.40625
54182.1953125
54181.984375
54181.7734375
54181.5625
54181.3515625
54181.140625
54180.9296875
54180.71875
54180.5078125
54180.296875
54180.0859375
54179.875
54179.6640625
54179.453125
54179.2421875
54179.03125
54178.8203125
54178.609375
54178.3984375
54178.1875
54177.9765625
54177.765625
54177.5546875
54177.34375
54177.1328125
54176.921875
54176.7109375
54176.5
54176.2890625
54176.078125
54175.8671875
54175.65625
54175.4453125
54175.234375
54175.0234375
54174.8125
54174.6015625
54174.390625
54174.1796875
54173.96875
54173.7578125
54173.546875
54173.3359375
54173.125
54172.9140625
54172.703125
54172.4921875
54172.28125
54172.0703125
54171.859375
54171.6484375
54171.4375
54171.2265625
54171.015625
54170.8046875
54170.59375
54170.3828125
54170.171875
54169.9609375
54169.75
54169.5390625
54169.328125
54169.1171875
54168.90625
54168.6953125
54168.484375
54168.2734375
54168.0625
54167.8515625
54167.640625
54167.4296875
54167.21875
54167.0078125
54166.796875
54166.5859375
54166.375
54166.1640625
54165.953125
54165.7421875
54165.53125
54165.3203125
54165.109375
54164.8984375
54164.6875
54164.4765625
54164.265625
54164.0546875
54163.84375
54163.6328125
54163.421875
54163.2109375
54163.0
