56241.7890625
56241.578125
56241.3671875
56241.15625
56240.9453125
56240.734375
56240.5234375
56240.3125
56240.1015625
56239.890625
56239.6796875
56239.46875
56239.2578125
56239.046875
56238.8359375
56238.625
56238.4140625
56238.203125
56237.9921875
56237.78125
56237.5703125
56237.359375
56237.1484375
56236.9375
56236.7265625
56236.515625
56236.3046875
56236.09375
56235.8828125
56235.671875
56235.4609375
56235.25
56235.0390625
56234.828125
56234.6171875
56234.40625
56234.1953125
56233.984375
56233.7734375
56233.5625
56233.3515625
56233.140625
56232.9296875
56232.71875
56232.5078125
56232.296875
56232.0859375
56231.875
56231.6640625
56231.453125
56231.2421875
56231.03125
56230.8203125
56230.609375
56230.3984375
56230.1875
56229.9765625
56229.765625
56229.5546875
56229.34375
56229.1328125
56228.921875
56228.7109375
56228.5
56228.2890625
56228.078125
56227.8671875
56227.65625
56227.4453125
56227.234375
56227.0234375
56226.8125
56226.6015625
56226.390625
56226.1796875
56225.96875
56225.7578125
56225.546875
56225.3359375
56225.125
56224.9140625
56224.703125
56224.4921875
56224.28125
56224.0703125
56223.859375
56223.6484375
56223.4375
56223.2265625
56223.015625
56222.8046875
56222.59375
56222.3828125
56222.171875
56221.9609375
56221.75
56221.5390625
56221.328125
56221.1171875
56220.90625
56220.6953125
56220.484375
56220.2734375
56220.0625
56219.8515625
56219.640625
56219.4296875
56219.21875
56219.0078125
56218.796875
56218.5859375
56218.375
56218.1640625
56217.953125
56217.7421875
56217.53125
56217.3203125
56217.109375
56216.8984375
56216.6875
56216.4765625
56216.265625
56216.0546875
56215.84375
56215.6328125
56215.421875
56215.2109375
56215.0
