56430.7890625
56430.578125
56430.3671875
56430.15625
56429.9453125
56429.734375
56429.5234375
56429.3125
56429.1015625
56428.890625
56428.6796875
56428.46875
56428.2578125
56428.046875
56427.8359375
56427.625
56427.4140625
56427.203125
56426.9921875
56426.78125
56426.5703125
56426.359375
56426.1484375
56425.9375
56425.7265625
56425.515625
56425.3046875
56425.09375
56424.8828125
56424.671875
56424.4609375
56424.25
56424.0390625
56423.828125
56423.6171875
56423.40625
56423.1953125
56422.984375
56422.7734375
56422.5625
56422.3515625
56422.140625
56421.9296875
56421.71875
56421.5078125
56421.296875
56421.0859375
56420.875
56420.6640625
56420.453125
56420.2421875
56420.03125
56419.8203125
56419.609375
56419.3984375
56419.1875
56418.9765625
56418.765625
56418.5546875
56418.34375
56418.1328125
56417.921875
56417.7109375
56417.5
56417.2890625
56417.078125
56416.8671875
56416.65625
56416.4453125
56416.234375
56416.0234375
56415.8125
56415.6015625
56415.390625
56415.1796875
56414.96875
56414.7578125
56414.546875
56414.3359375
56414.125
56413.9140625
56413.703125
56413.4921875
56413.28125
56413.0703125
56412.859375
56412.6484375
56412.4375
56412.2265625
56412.015625
56411.8046875
56411.59375
56411.3828125
56411.171875
56410.9609375
56410.75
56410.5390625
56410.328125
56410.1171875
56409.90625
56409.6953125
56409.484375
56409.2734375
56409.0625
56408.8515625
56408.640625
56408.4296875
56408.21875
56408.0078125
56407.796875
56407.5859375
56407.375
56407.1640625
56406.953125
56406.7421875
56406.53125
56406.3203125
56406.109375
56405.8984375
56405.6875
56405.4765625
56405.265625
56405.0546875
56404.84375
56404.6328125
56404.421875
56404.2109375
56404.0
