55674.7890625
55674.578125
55674.3671875
55674.15625
55673.9453125
55673.734375
55673.5234375
55673.3125
55673.1015625
55672.890625
55672.6796875
55672.46875
55672.2578125
55672.046875
55671.8359375
55671.625
55671.4140625
55671.203125
55670.9921875
55670.78125
55670.5703125
55670.359375
55670.1484375
55669.9375
55669.7265625
55669.515625
55669.3046875
55669.09375
55668.8828125
55668.671875
55668.4609375
55668.25
55668.0390625
55667.828125
55667.6171875
55667.40625
55667.1953125
55666.984375
55666.7734375
55666.5625
55666.3515625
55666.140625
55665.9296875
55665.71875
55665.5078125
55665.296875
55665.0859375
55664.875
55664.6640625
55664.453125
55664.2421875
55664.03125
55663.8203125
55663.609375
55663.3984375
55663.1875
55662.9765625
55662.765625
55662.5546875
55662.34375
55662.1328125
55661.921875
55661.7109375
55661.5
55661.2890625
55661.078125
55660.8671875
55660.65625
55660.4453125
55660.234375
55660.0234375
55659.8125
55659.6015625
55659.390625
55659.1796875
55658.96875
55658.7578125
55658.546875
55658.3359375
55658.125
55657.9140625
55657.703125
55657.4921875
55657.28125
55657.0703125
55656.859375
55656.6484375
55656.4375
55656.2265625
55656.015625
55655.8046875
55655.59375
55655.3828125
55655.171875
55654.9609375
55654.75
55654.5390625
55654.328125
55654.1171875
55653.90625
55653.6953125
55653.484375
55653.2734375
55653.0625
55652.8515625
55652.640625
55652.4296875
55652.21875
55652.0078125
55651.796875
55651.5859375
55651.375
55651.1640625
55650.953125
55650.7421875
55650.53125
55650.3203125
55650.109375
55649.8984375
55649.6875
55649.4765625
55649.265625
55649.0546875
55648.84375
55648.6328125
55648.421875
55648.2109375
55648.0
