54243.7890625
54243.578125
54243.3671875
54243.15625
54242.9453125
54242.734375
54242.5234375
54242.3125
54242.1015625
54241.890625
54241.6796875
54241.46875
54241.2578125
54241.046875
54240.8359375
54240.625
54240.4140625
54240.203125
54239.9921875
54239.78125
54239.5703125
54239.359375
54239.1484375
54238.9375
54238.7265625
54238.515625
54238.3046875
54238.09375
54237.8828125
54237.671875
54237.4609375
54237.25
54237.0390625
54236.828125
54236.6171875
54236.40625
54236.1953125
54235.984375
54235.7734375
54235.5625
54235.3515625
54235.140625
54234.9296875
54234.71875
54234.5078125
54234.296875
54234.0859375
54233.875
54233.6640625
54233.453125
54233.2421875
54233.03125
54232.8203125
54232.609375
54232.3984375
54232.1875
54231.9765625
54231.765625
54231.5546875
54231.34375
54231.1328125
54230.921875
54230.7109375
54230.5
54230.2890625
54230.078125
54229.8671875
54229.65625
54229.4453125
54229.234375
54229.0234375
54228.8125
54228.6015625
54228.390625
54228.1796875
54227.96875
54227.7578125
54227.546875
54227.3359375
54227.125
54226.9140625
54226.703125
54226.4921875
54226.28125
54226.0703125
54225.859375
54225.6484375
54225.4375
54225.2265625
54225.015625
54224.8046875
54224.59375
54224.3828125
54224.171875
54223.9609375
54223.75
54223.5390625
54223.328125
54223.1171875
54222.90625
54222.6953125
54222.484375
54222.2734375
54222.0625
54221.8515625
54221.640625
54221.4296875
54221.21875
54221.0078125
54220.796875
54220.5859375
54220.375
54220.1640625
54219.953125
54219.7421875
54219.53125
54219.3203125
54219.109375
54218.8984375
54218.6875
54218.4765625
54218.265625
54218.0546875
54217.84375
54217.6328125
54217.421875
54217.2109375
54217.0
