55836.7890625
55836.578125
55836.3671875
55836.15625
55835.9453125
55835.734375
55835.5234375
55835.3125
55835.1015625
55834.890625
55834.6796875
55834.46875
55834.2578125
55834.046875
55833.8359375
55833.625
55833.4140625
55833.203125
55832.9921875
55832.78125
55832.5703125
55832.359375
55832.1484375
55831.9375
55831.7265625
55831.515625
55831.3046875
55831.09375
55830.8828125
55830.671875
55830.4609375
55830.25
55830.0390625
55829.828125
55829.6171875
55829.40625
55829.1953125
55828.984375
55828.7734375
55828.5625
55828.3515625
55828.140625
55827.9296875
55827.71875
55827.5078125
55827.296875
55827.0859375
55826.875
55826.6640625
55826.453125
55826.2421875
55826.03125
55825.8203125
55825.609375
55825.3984375
55825.1875
55824.9765625
55824.765625
55824.5546875
55824.34375
55824.1328125
55823.921875
55823.7109375
55823.5
55823.2890625
55823.078125
55822.8671875
55822.65625
55822.4453125
55822.234375
55822.0234375
55821.8125
55821.6015625
55821.390625
55821.1796875
55820.96875
55820.7578125
55820.546875
55820.3359375
55820.125
55819.9140625
55819.703125
55819.4921875
55819.28125
55819.0703125
55818.859375
55818.6484375
55818.4375
55818.2265625
55818.015625
55817.8046875
55817.59375
55817.3828125
55817.171875
55816.9609375
55816.75
55816.5390625
55816.328125
55816.1171875
55815.90625
55815.6953125
55815.484375
55815.2734375
55815.0625
55814.8515625
55814.640625
55814.4296875
55814.21875
55814.0078125
55813.796875
55813.5859375
55813.375
55813.1640625
55812.953125
55812.7421875
55812.53125
55812.3203125
55812.109375
55811.8984375
55811.6875
55811.4765625
55811.265625
55811.0546875
55810.84375
55810.6328125
55810.421875
55810.2109375
55810.0
