56268.7890625
56268.578125
56268.3671875
56268.15625
56267.9453125
56267.734375
56267.5234375
56267.3125
56267.1015625
56266.890625
56266.6796875
56266.46875
56266.2578125
56266.046875
56265.8359375
56265.625
56265.4140625
56265.203125
56264.9921875
56264.78125
56264.5703125
56264.359375
56264.1484375
56263.9375
56263.7265625
56263.515625
56263.3046875
56263.09375
56262.8828125
56262.671875
56262.4609375
56262.25
56262.0390625
56261.828125
56261.6171875
56261.40625
56261.1953125
56260.984375
56260.7734375
56260.5625
56260.3515625
56260.140625
56259.9296875
56259.71875
56259.5078125
56259.296875
56259.0859375
56258.875
56258.6640625
56258.453125
56258.2421875
56258.03125
56257.8203125
56257.609375
56257.3984375
56257.1875
56256.9765625
56256.765625
56256.5546875
56256.34375
56256.1328125
56255.921875
56255.7109375
56255.5
56255.2890625
56255.078125
56254.8671875
56254.65625
56254.4453125
56254.234375
56254.0234375
56253.8125
56253.6015625
56253.390625
56253.1796875
56252.96875
56252.7578125
56252.546875
56252.3359375
56252.125
56251.9140625
56251.703125
56251.4921875
56251.28125
56251.0703125
56250.859375
56250.6484375
56250.4375
56250.2265625
56250.015625
56249.8046875
56249.59375
56249.3828125
56249.171875
56248.9609375
56248.75
56248.5390625
56248.328125
56248.1171875
56247.90625
56247.6953125
56247.484375
56247.2734375
56247.0625
56246.8515625
56246.640625
56246.4296875
56246.21875
56246.0078125
56245.796875
56245.5859375
56245.375
56245.1640625
56244.953125
56244.7421875
56244.53125
56244.3203125
56244.109375
56243.8984375
56243.6875
56243.4765625
56243.265625
56243.0546875
56242.84375
56242.6328125
56242.421875
56242.2109375
56242.0
