54459.7890625
54459.578125
54459.3671875
54459.15625
54458.9453125
54458.734375
54458.5234375
54458.3125
54458.1015625
54457.890625
54457.6796875
54457.46875
54457.2578125
54457.046875
54456.8359375
54456.625
54456.4140625
54456.203125
54455.9921875
54455.78125
54455.5703125
54455.359375
54455.1484375
54454.9375
54454.7265625
54454.515625
54454.3046875
54454.09375
54453.8828125
54453.671875
54453.4609375
54453.25
54453.0390625
54452.828125
54452.6171875
54452.40625
54452.1953125
54451.984375
54451.7734375
54451.5625
54451.3515625
54451.140625
54450.9296875
54450.71875
54450.5078125
54450.296875
54450.0859375
54449.875
54449.6640625
54449.453125
54449.2421875
54449.03125
54448.8203125
54448.609375
54448.3984375
54448.1875
54447.9765625
54447.765625
54447.5546875
54447.34375
54447.1328125
54446.921875
54446.7109375
54446.5
54446.2890625
54446.078125
54445.8671875
54445.65625
54445.4453125
54445.234375
54445.0234375
54444.8125
54444.6015625
54444.390625
54444.1796875
54443.96875
54443.7578125
54443.546875
54443.3359375
54443.125
54442.9140625
54442.703125
54442.4921875
54442.28125
54442.0703125
54441.859375
54441.6484375
54441.4375
54441.2265625
54441.015625
54440.8046875
54440.59375
54440.3828125
54440.171875
54439.9609375
54439.75
54439.5390625
54439.328125
54439.1171875
54438.90625
54438.6953125
54438.484375
54438.2734375
54438.0625
54437.8515625
54437.640625
54437.4296875
54437.21875
54437.0078125
54436.796875
54436.5859375
54436.375
54436.1640625
54435.953125
54435.7421875
54435.53125
54435.3203125
54435.109375
54434.8984375
54434.6875
54434.4765625
54434.265625
54434.0546875
54433.84375
54433.6328125
54433.421875
54433.2109375
54433.0
