54972.7890625
54972.578125
54972.3671875
54972.15625
54971.9453125
54971.734375
54971.5234375
54971.3125
54971.1015625
54970.890625
54970.6796875
54970.46875
54970.2578125
54970.046875
54969.8359375
54969.625
54969.4140625
54969.203125
54968.9921875
54968.78125
54968.5703125
54968.359375
54968.1484375
54967.9375
54967.7265625
54967.515625
54967.3046875
54967.09375
54966.8828125
54966.671875
54966.4609375
54966.25
54966.0390625
54965.828125
54965.6171875
54965.40625
54965.1953125
54964.984375
54964.7734375
54964.5625
54964.3515625
54964.140625
54963.9296875
54963.71875
54963.5078125
54963.296875
54963.0859375
54962.875
54962.6640625
54962.453125
54962.2421875
54962.03125
54961.8203125
54961.609375
54961.3984375
54961.1875
54960.9765625
54960.765625
54960.5546875
54960.34375
54960.1328125
54959.921875
54959.7109375
54959.5
54959.2890625
54959.078125
54958.8671875
54958.65625
54958.4453125
54958.234375
54958.0234375
54957.8125
54957.6015625
54957.390625
54957.1796875
54956.96875
54956.7578125
54956.546875
54956.3359375
54956.125
54955.9140625
54955.703125
54955.4921875
54955.28125
54955.0703125
54954.859375
54954.6484375
54954.4375
54954.2265625
54954.015625
54953.8046875
54953.59375
54953.3828125
54953.171875
54952.9609375
54952.75
54952.5390625
54952.328125
54952.1171875
54951.90625
54951.6953125
54951.484375
54951.2734375
54951.0625
54950.8515625
54950.640625
54950.4296875
54950.21875
54950.0078125
54949.796875
54949.5859375
54949.375
54949.1640625
54948.953125
54948.7421875
54948.53125
54948.3203125
54948.109375
54947.8984375
54947.6875
54947.4765625
54947.265625
54947.0546875
54946.84375
54946.6328125
54946.421875
54946.2109375
54946.0
