55755.7890625
55755.578125
55755.3671875
55755.15625
55754.9453125
55754.734375
55754.5234375
55754.3125
55754.1015625
55753.890625
55753.6796875
55753.46875
55753.2578125
55753.046875
55752.8359375
55752.625
55752.4140625
55752.203125
55751.9921875
55751.78125
55751.5703125
55751.359375
55751.1484375
55750.9375
55750.7265625
55750.515625
55750.3046875
55750.09375
55749.8828125
55749.671875
55749.4609375
55749.25
55749.0390625
55748.828125
55748.6171875
55748.40625
55748.1953125
55747.984375
55747.7734375
55747.5625
55747.3515625
55747.140625
55746.9296875
55746.71875
55746.5078125
55746.296875
55746.0859375
55745.875
55745.6640625
55745.453125
55745.2421875
55745.03125
55744.8203125
55744.609375
55744.3984375
55744.1875
55743.9765625
55743.765625
55743.5546875
55743.34375
55743.1328125
55742.921875
55742.7109375
55742.5
55742.2890625
55742.078125
55741.8671875
55741.65625
55741.4453125
55741.234375
55741.0234375
55740.8125
55740.6015625
55740.390625
55740.1796875
55739.96875
55739.7578125
55739.546875
55739.3359375
55739.125
55738.9140625
55738.703125
55738.4921875
55738.28125
55738.0703125
55737.859375
55737.6484375
55737.4375
55737.2265625
55737.015625
55736.8046875
55736.59375
55736.3828125
55736.171875
55735.9609375
55735.75
55735.5390625
55735.328125
55735.1171875
55734.90625
55734.6953125
55734.484375
55734.2734375
55734.0625
55733.8515625
55733.640625
55733.4296875
55733.21875
55733.0078125
55732.796875
55732.5859375
55732.375
55732.1640625
55731.953125
55731.7421875
55731.53125
55731.3203125
55731.109375
55730.8984375
55730.6875
55730.4765625
55730.265625
55730.0546875
55729.84375
55729.6328125
55729.421875
55729.2109375
55729.0
