54702.7890625
54702.578125
54702.3671875
54702.15625
54701.9453125
54701.734375
54701.5234375
54701.3125
54701.1015625
54700.890625
54700.6796875
54700.46875
54700.2578125
54700.046875
54699.8359375
54699.625
54699.4140625
54699.203125
54698.9921875
54698.78125
54698.5703125
54698.359375
54698.1484375
54697.9375
54697.7265625
54697.515625
54697.3046875
54697.09375
54696.8828125
54696.671875
54696.4609375
54696.25
54696.0390625
54695.828125
54695.6171875
54695.40625
54695.1953125
54694.984375
54694.7734375
54694.5625
54694.3515625
54694.140625
54693.9296875
54693.71875
54693.5078125
54693.296875
54693.0859375
54692.875
54692.6640625
54692.453125
54692.2421875
54692.03125
54691.8203125
54691.609375
54691.3984375
54691.1875
54690.9765625
54690.765625
54690.5546875
54690.34375
54690.1328125
54689.921875
54689.7109375
54689.5
54689.2890625
54689.078125
54688.8671875
54688.65625
54688.4453125
54688.234375
54688.0234375
54687.8125
54687.6015625
54687.390625
54687.1796875
54686.96875
54686.7578125
54686.546875
54686.3359375
54686.125
54685.9140625
54685.703125
54685.4921875
54685.28125
54685.0703125
54684.859375
54684.6484375
54684.4375
54684.2265625
54684.015625
54683.8046875
54683.59375
54683.3828125
54683.171875
54682.9609375
54682.75
54682.5390625
54682.328125
54682.1171875
54681.90625
54681.6953125
54681.484375
54681.2734375
54681.0625
54680.8515625
54680.640625
54680.4296875
54680.21875
54680.0078125
54679.796875
54679.5859375
54679.375
54679.1640625
54678.953125
54678.7421875
54678.53125
54678.3203125
54678.109375
54677.8984375
54677.6875
54677.4765625
54677.265625
54677.0546875
54676.84375
54676.6328125
54676.421875
54676.2109375
54676.0
