54540.7890625
54540.578125
54540.3671875
54540.15625
54539.9453125
54539.734375
54539.5234375
54539.3125
54539.1015625
54538.890625
54538.6796875
54538.46875
54538.2578125
54538.046875
54537.8359375
54537.625
54537.4140625
54537.203125
54536.9921875
54536.78125
54536.5703125
54536.359375
54536.1484375
54535.9375
54535.7265625
54535.515625
54535.3046875
54535.09375
54534.8828125
54534.671875
54534.4609375
54534.25
54534.0390625
54533.828125
54533.6171875
54533.40625
54533.1953125
54532.984375
54532.7734375
54532.5625
54532.3515625
54532.140625
54531.9296875
54531.71875
54531.5078125
54531.296875
54531.0859375
54530.875
54530.6640625
54530.453125
54530.2421875
54530.03125
54529.8203125
54529.609375
54529.3984375
54529.1875
54528.9765625
54528.765625
54528.5546875
54528.34375
54528.1328125
54527.921875
54527.7109375
54527.5
54527.2890625
54527.078125
54526.8671875
54526.65625
54526.4453125
54526.234375
54526.0234375
54525.8125
54525.6015625
54525.390625
54525.1796875
54524.96875
54524.7578125
54524.546875
54524.3359375
54524.125
54523.9140625
54523.703125
54523.4921875
54523.28125
54523.0703125
54522.859375
54522.6484375
54522.4375
54522.2265625
54522.015625
54521.8046875
54521.59375
54521.3828125
54521.171875
54520.9609375
54520.75
54520.5390625
54520.328125
54520.1171875
54519.90625
54519.6953125
54519.484375
54519.2734375
54519.0625
54518.8515625
54518.640625
54518.4296875
54518.21875
54518.0078125
54517.796875
54517.5859375
54517.375
54517.1640625
54516.953125
54516.7421875
54516.53125
54516.3203125
54516.109375
54515.8984375
54515.6875
54515.4765625
54515.265625
54515.0546875
54514.84375
54514.6328125
54514.421875
54514.2109375
54514.0
