56133.7890625
56133.578125
56133.3671875
56133.15625
56132.9453125
56132.734375
56132.5234375
56132.3125
56132.1015625
56131.890625
56131.6796875
56131.46875
56131.2578125
56131.046875
56130.8359375
56130.625
56130.4140625
56130.203125
56129.9921875
56129.78125
56129.5703125
56129.359375
56129.1484375
56128.9375
56128.7265625
56128.515625
56128.3046875
56128.09375
56127.8828125
56127.671875
56127.4609375
56127.25
56127.0390625
56126.828125
56126.6171875
56126.40625
56126.1953125
56125.984375
56125.7734375
56125.5625
56125.3515625
56125.140625
56124.9296875
56124.71875
56124.5078125
56124.296875
56124.0859375
56123.875
56123.6640625
56123.453125
56123.2421875
56123.03125
56122.8203125
56122.609375
56122.3984375
56122.1875
56121.9765625
56121.765625
56121.5546875
56121.34375
56121.1328125
56120.921875
56120.7109375
56120.5
56120.2890625
56120.078125
56119.8671875
56119.65625
56119.4453125
56119.234375
56119.0234375
56118.8125
56118.6015625
56118.390625
56118.1796875
56117.96875
56117.7578125
56117.546875
56117.3359375
56117.125
56116.9140625
56116.703125
56116.4921875
56116.28125
56116.0703125
56115.859375
56115.6484375
56115.4375
56115.2265625
56115.015625
56114.8046875
56114.59375
56114.3828125
56114.171875
56113.9609375
56113.75
56113.5390625
56113.328125
56113.1171875
56112.90625
56112.6953125
56112.484375
56112.2734375
56112.0625
56111.8515625
56111.640625
56111.4296875
56111.21875
56111.0078125
56110.796875
56110.5859375
56110.375
56110.1640625
56109.953125
56109.7421875
56109.53125
56109.3203125
56109.109375
56108.8984375
56108.6875
56108.4765625
56108.265625
56108.0546875
56107.84375
56107.6328125
56107.421875
56107.2109375
56107.0
