55566.7890625
55566.578125
55566.3671875
55566.15625
55565.9453125
55565.734375
55565.5234375
55565.3125
55565.1015625
55564.890625
55564.6796875
55564.46875
55564.2578125
55564.046875
55563.8359375
55563.625
55563.4140625
55563.203125
55562.9921875
55562.78125
55562.5703125
55562.359375
55562.1484375
55561.9375
55561.7265625
55561.515625
55561.3046875
55561.09375
55560.8828125
55560.671875
55560.4609375
55560.25
55560.0390625
55559.828125
55559.6171875
55559.40625
55559.1953125
55558.984375
55558.7734375
55558.5625
55558.3515625
55558.140625
55557.9296875
55557.71875
55557.5078125
55557.296875
55557.0859375
55556.875
55556.6640625
55556.453125
55556.2421875
55556.03125
55555.8203125
55555.609375
55555.3984375
55555.1875
55554.9765625
55554.765625
55554.5546875
55554.34375
55554.1328125
55553.921875
55553.7109375
55553.5
55553.2890625
55553.078125
55552.8671875
55552.65625
55552.4453125
55552.234375
55552.0234375
55551.8125
55551.6015625
55551.390625
55551.1796875
55550.96875
55550.7578125
55550.546875
55550.3359375
55550.125
55549.9140625
55549.703125
55549.4921875
55549.28125
55549.0703125
55548.859375
55548.6484375
55548.4375
55548.2265625
55548.015625
55547.8046875
55547.59375
55547.3828125
55547.171875
55546.9609375
55546.75
55546.5390625
55546.328125
55546.1171875
55545.90625
55545.6953125
55545.484375
55545.2734375
55545.0625
55544.8515625
55544.640625
55544.4296875
55544.21875
55544.0078125
55543.796875
55543.5859375
55543.375
55543.1640625
55542.953125
55542.7421875
55542.53125
55542.3203125
55542.109375
55541.8984375
55541.6875
55541.4765625
55541.265625
55541.0546875
55540.84375
55540.6328125
55540.421875
55540.2109375
55540.0
