56619.7890625
56619.578125
56619.3671875
56619.15625
56618.9453125
56618.734375
56618.5234375
56618.3125
56618.1015625
56617.890625
56617.6796875
56617.46875
56617.2578125
56617.046875
56616.8359375
56616.625
56616.4140625
56616.203125
56615.9921875
56615.78125
56615.5703125
56615.359375
56615.1484375
56614.9375
56614.7265625
56614.515625
56614.3046875
56614.09375
56613.8828125
56613.671875
56613.4609375
56613.25
56613.0390625
56612.828125
56612.6171875
56612.40625
56612.1953125
56611.984375
56611.7734375
56611.5625
56611.3515625
56611.140625
56610.9296875
56610.71875
56610.5078125
56610.296875
56610.0859375
56609.875
56609.6640625
56609.453125
56609.2421875
56609.03125
56608.8203125
56608.609375
56608.3984375
56608.1875
56607.9765625
56607.765625
56607.5546875
56607.34375
56607.1328125
56606.921875
56606.7109375
56606.5
56606.2890625
56606.078125
56605.8671875
56605.65625
56605.4453125
56605.234375
56605.0234375
56604.8125
56604.6015625
56604.390625
56604.1796875
56603.96875
56603.7578125
56603.546875
56603.3359375
56603.125
56602.9140625
56602.703125
56602.4921875
56602.28125
56602.0703125
56601.859375
56601.6484375
56601.4375
56601.2265625
56601.015625
56600.8046875
56600.59375
56600.3828125
56600.171875
56599.9609375
56599.75
56599.5390625
56599.328125
56599.1171875
56598.90625
56598.6953125
56598.484375
56598.2734375
56598.0625
56597.8515625
56597.640625
56597.4296875
56597.21875
56597.0078125
56596.796875
56596.5859375
56596.375
56596.1640625
56595.953125
56595.7421875
56595.53125
56595.3203125
56595.109375
56594.8984375
56594.6875
56594.4765625
56594.265625
56594.0546875
56593.84375
56593.6328125
56593.421875
56593.2109375
56593.0
