55458.7890625
55458.578125
55458.3671875
55458.15625
55457.9453125
55457.734375
55457.5234375
55457.3125
55457.1015625
55456.890625
55456.6796875
55456.46875
55456.2578125
55456.046875
55455.8359375
55455.625
55455.4140625
55455.203125
55454.9921875
55454.78125
55454.5703125
55454.359375
55454.1484375
55453.9375
55453.7265625
55453.515625
55453.3046875
55453.09375
55452.8828125
55452.671875
55452.4609375
55452.25
55452.0390625
55451.828125
55451.6171875
55451.40625
55451.1953125
55450.984375
55450.7734375
55450.5625
55450.3515625
55450.140625
55449.9296875
55449.71875
55449.5078125
55449.296875
55449.0859375
55448.875
55448.6640625
55448.453125
55448.2421875
55448.03125
55447.8203125
55447.609375
55447.3984375
55447.1875
55446.9765625
55446.765625
55446.5546875
55446.34375
55446.1328125
55445.921875
55445.7109375
55445.5
55445.2890625
55445.078125
55444.8671875
55444.65625
55444.4453125
55444.234375
55444.0234375
55443.8125
55443.6015625
55443.390625
55443.1796875
55442.96875
55442.7578125
55442.546875
55442.3359375
55442.125
55441.9140625
55441.703125
55441.4921875
55441.28125
55441.0703125
55440.859375
55440.6484375
55440.4375
55440.2265625
55440.015625
55439.8046875
55439.59375
55439.3828125
55439.171875
55438.9609375
55438.75
55438.5390625
55438.328125
55438.1171875
55437.90625
55437.6953125
55437.484375
55437.2734375
55437.0625
55436.8515625
55436.640625
55436.4296875
55436.21875
55436.0078125
55435.796875
55435.5859375
55435.375
55435.1640625
55434.953125
55434.7421875
55434.53125
55434.3203125
55434.109375
55433.8984375
55433.6875
55433.4765625
55433.265625
55433.0546875
55432.84375
55432.6328125
55432.421875
55432.2109375
55432.0
