56592.7890625
56592.578125
56592.3671875
56592.15625
56591.9453125
56591.734375
56591.5234375
56591.3125
56591.1015625
56590.890625
56590.6796875
56590.46875
56590.2578125
56590.046875
56589.8359375
56589.625
56589.4140625
56589.203125
56588.9921875
56588.78125
56588.5703125
56588.359375
56588.1484375
56587.9375
56587.7265625
56587.515625
56587.3046875
56587.09375
56586.8828125
56586.671875
56586.4609375
56586.25
56586.0390625
56585.828125
56585.6171875
56585.40625
56585.1953125
56584.984375
56584.7734375
56584.5625
56584.3515625
56584.140625
56583.9296875
56583.71875
56583.5078125
56583.296875
56583.0859375
56582.875
56582.6640625
56582.453125
56582.2421875
56582.03125
56581.8203125
56581.609375
56581.3984375
56581.1875
56580.9765625
56580.765625
56580.5546875
56580.34375
56580.1328125
56579.921875
56579.7109375
56579.5
56579.2890625
56579.078125
56578.8671875
56578.65625
56578.4453125
56578.234375
56578.0234375
56577.8125
56577.6015625
56577.390625
56577.1796875
56576.96875
56576.7578125
56576.546875
56576.3359375
56576.125
56575.9140625
56575.703125
56575.4921875
56575.28125
56575.0703125
56574.859375
56574.6484375
56574.4375
56574.2265625
56574.015625
56573.8046875
56573.59375
56573.3828125
56573.171875
56572.9609375
56572.75
56572.5390625
56572.328125
56572.1171875
56571.90625
56571.6953125
56571.484375
56571.2734375
56571.0625
56570.8515625
56570.640625
56570.4296875
56570.21875
56570.0078125
56569.796875
56569.5859375
56569.375
56569.1640625
56568.953125
56568.7421875
56568.53125
56568.3203125
56568.109375
56567.8984375
56567.6875
56567.4765625
56567.265625
56567.0546875
56566.84375
56566.6328125
56566.421875
56566.2109375
56566.0
