56025.7890625
56025.578125
56025.3671875
56025.15625
56024.9453125
56024.734375
56024.5234375
56024.3125
56024.1015625
56023.890625
56023.6796875
56023.46875
56023.2578125
56023.046875
56022.8359375
56022.625
56022.4140625
56022.203125
56021.9921875
56021.78125
56021.5703125
56021.359375
56021.1484375
56020.9375
56020.7265625
56020.515625
56020.3046875
56020.09375
56019.8828125
56019.671875
56019.4609375
56019.25
56019.0390625
56018.828125
56018.6171875
56018.40625
56018.1953125
56017.984375
56017.7734375
56017.5625
56017.3515625
56017.140625
56016.9296875
56016.71875
56016.5078125
56016.296875
56016.0859375
56015.875
56015.6640625
56015.453125
56015.2421875
56015.03125
56014.8203125
56014.609375
56014.3984375
56014.1875
56013.9765625
56013.765625
56013.5546875
56013.34375
56013.1328125
56012.921875
56012.7109375
56012.5
56012.2890625
56012.078125
56011.8671875
56011.65625
56011.4453125
56011.234375
56011.0234375
56010.8125
56010.6015625
56010.390625
56010.1796875
56009.96875
56009.7578125
56009.546875
56009.3359375
56009.125
56008.9140625
56008.703125
56008.4921875
56008.28125
56008.0703125
56007.859375
56007.6484375
56007.4375
56007.2265625
56007.015625
56006.8046875
56006.59375
56006.3828125
56006.171875
56005.9609375
56005.75
56005.5390625
56005.328125
56005.1171875
56004.90625
56004.6953125
56004.484375
56004.2734375
56004.0625
56003.8515625
56003.640625
56003.4296875
56003.21875
56003.0078125
56002.796875
56002.5859375
56002.375
56002.1640625
56001.953125
56001.7421875
56001.53125
56001.3203125
56001.109375
56000.8984375
56000.6875
56000.4765625
56000.265625
56000.0546875
55999.84375
55999.6328125
55999.421875
55999.2109375
55999.0
