55485.7890625
55485.578125
55485.3671875
55485.15625
55484.9453125
55484.734375
55484.5234375
55484.3125
55484.1015625
55483.890625
55483.6796875
55483.46875
55483.2578125
55483.046875
55482.8359375
55482.625
55482.4140625
55482.203125
55481.9921875
55481.78125
55481.5703125
55481.359375
55481.1484375
55480.9375
55480.7265625
55480.515625
55480.3046875
55480.09375
55479.8828125
55479.671875
55479.4609375
55479.25
55479.0390625
55478.828125
55478.6171875
55478.40625
55478.1953125
55477.984375
55477.7734375
55477.5625
55477.3515625
55477.140625
55476.9296875
55476.71875
55476.5078125
55476.296875
55476.0859375
55475.875
55475.6640625
55475.453125
55475.2421875
55475.03125
55474.8203125
55474.609375
55474.3984375
55474.1875
55473.9765625
55473.765625
55473.5546875
55473.34375
55473.1328125
55472.921875
55472.7109375
55472.5
55472.2890625
55472.078125
55471.8671875
55471.65625
55471.4453125
55471.234375
55471.0234375
55470.8125
55470.6015625
55470.390625
55470.1796875
55469.96875
55469.7578125
55469.546875
55469.3359375
55469.125
55468.9140625
55468.703125
55468.4921875
55468.28125
55468.0703125
55467.859375
55467.6484375
55467.4375
55467.2265625
55467.015625
55466.8046875
55466.59375
55466.3828125
55466.171875
55465.9609375
55465.75
55465.5390625
55465.328125
55465.1171875
55464.90625
55464.6953125
55464.484375
55464.2734375
55464.0625
55463.8515625
55463.640625
55463.4296875
55463.21875
55463.0078125
55462.796875
55462.5859375
55462.375
55462.1640625
55461.953125
55461.7421875
55461.53125
55461.3203125
55461.109375
55460.8984375
55460.6875
55460.4765625
55460.265625
55460.0546875
55459.84375
55459.6328125
55459.421875
55459.2109375
55459.0
