54783.7890625
54783.578125
54783.3671875
54783.15625
54782.9453125
54782.734375
54782.5234375
54782.3125
54782.1015625
54781.890625
54781.6796875
54781.46875
54781.2578125
54781.046875
54780.8359375
54780.625
54780.4140625
54780.203125
54779.9921875
54779.78125
54779.5703125
54779.359375
54779.1484375
54778.9375
54778.7265625
54778.515625
54778.3046875
54778.09375
54777.8828125
54777.671875
54777.4609375
54777.25
54777.0390625
54776.828125
54776.6171875
54776.40625
54776.1953125
54775.984375
54775.7734375
54775.5625
54775.3515625
54775.140625
54774.9296875
54774.71875
54774.5078125
54774.296875
54774.0859375
54773.875
54773.6640625
54773.453125
54773.2421875
54773.03125
54772.8203125
54772.609375
54772.3984375
54772.1875
54771.9765625
54771.765625
54771.5546875
54771.34375
54771.1328125
54770.921875
54770.7109375
54770.5
54770.2890625
54770.078125
54769.8671875
54769.65625
54769.4453125
54769.234375
54769.0234375
54768.8125
54768.6015625
54768.390625
54768.1796875
54767.96875
54767.7578125
54767.546875
54767.3359375
54767.125
54766.9140625
54766.703125
54766.4921875
54766.28125
54766.0703125
54765.859375
54765.6484375
54765.4375
54765.2265625
54765.015625
54764.8046875
54764.59375
54764.3828125
54764.171875
54763.9609375
54763.75
54763.5390625
54763.328125
54763.1171875
54762.90625
54762.6953125
54762.484375
54762.2734375
54762.0625
54761.8515625
54761.640625
54761.4296875
54761.21875
54761.0078125
54760.796875
54760.5859375
54760.375
54760.1640625
54759.953125
54759.7421875
54759.53125
54759.3203125
54759.109375
54758.8984375
54758.6875
54758.4765625
54758.265625
54758.0546875
54757.84375
54757.6328125
54757.421875
54757.2109375
54757.0
