55377.7890625
55377.578125
55377.3671875
55377.15625
55376.9453125
55376.734375
55376.5234375
55376.3125
55376.1015625
55375.890625
55375.6796875
55375.46875
55375.2578125
55375.046875
55374.8359375
55374.625
55374.4140625
55374.203125
55373.9921875
55373.78125
55373.5703125
55373.359375
55373.1484375
55372.9375
55372.7265625
55372.515625
55372.3046875
55372.09375
55371.8828125
55371.671875
55371.4609375
55371.25
55371.0390625
55370.828125
55370.6171875
55370.40625
55370.1953125
55369.984375
55369.7734375
55369.5625
55369.3515625
55369.140625
55368.9296875
55368.71875
55368.5078125
55368.296875
55368.0859375
55367.875
55367.6640625
55367.453125
55367.2421875
55367.03125
55366.8203125
55366.609375
55366.3984375
55366.1875
55365.9765625
55365.765625
55365.5546875
55365.34375
55365.1328125
55364.921875
55364.7109375
55364.5
55364.2890625
55364.078125
55363.8671875
55363.65625
55363.4453125
55363.234375
55363.0234375
55362.8125
55362.6015625
55362.390625
55362.1796875
55361.96875
55361.7578125
55361.546875
55361.3359375
55361.125
55360.9140625
55360.703125
55360.4921875
55360.28125
55360.0703125
55359.859375
55359.6484375
55359.4375
55359.2265625
55359.015625
55358.8046875
55358.59375
55358.3828125
55358.171875
55357.9609375
55357.75
55357.5390625
55357.328125
55357.1171875
55356.90625
55356.6953125
55356.484375
55356.2734375
55356.0625
55355.8515625
55355.640625
55355.4296875
55355.21875
55355.0078125
55354.796875
55354.5859375
55354.375
55354.1640625
55353.953125
55353.7421875
55353.53125
55353.3203125
55353.109375
55352.8984375
55352.6875
55352.4765625
55352.265625
55352.0546875
55351.84375
55351.6328125
55351.421875
55351.2109375
55351.0
