56565.7890625
56565.578125
56565.3671875
56565.15625
56564.9453125
56564.734375
56564.5234375
56564.3125
56564.1015625
56563.890625
56563.6796875
56563.46875
56563.2578125
56563.046875
56562.8359375
56562.625
56562.4140625
56562.203125
56561.9921875
56561.78125
56561.5703125
56561.359375
56561.1484375
56560.9375
56560.7265625
56560.515625
56560.3046875
56560.09375
56559.8828125
56559.671875
56559.4609375
56559.25
56559.0390625
56558.828125
56558.6171875
56558.40625
56558.1953125
56557.984375
56557.7734375
56557.5625
56557.3515625
56557.140625
56556.9296875
56556.71875
56556.5078125
56556.296875
56556.0859375
56555.875
56555.6640625
56555.453125
56555.2421875
56555.03125
56554.8203125
56554.609375
56554.3984375
56554.1875
56553.9765625
56553.765625
56553.5546875
56553.34375
56553.1328125
56552.921875
56552.7109375
56552.5
56552.2890625
56552.078125
56551.8671875
56551.65625
56551.4453125
56551.234375
56551.0234375
56550.8125
56550.6015625
56550.390625
56550.1796875
56549.96875
56549.7578125
56549.546875
56549.3359375
56549.125
56548.9140625
56548.703125
56548.4921875
56548.28125
56548.0703125
56547.859375
56547.6484375
56547.4375
56547.2265625
56547.015625
56546.8046875
56546.59375
56546.3828125
56546.171875
56545.9609375
56545.75
56545.5390625
56545.328125
56545.1171875
56544.90625
56544.6953125
56544.484375
56544.2734375
56544.0625
56543.8515625
56543.640625
56543.4296875
56543.21875
56543.0078125
56542.796875
56542.5859375
56542.375
56542.1640625
56541.953125
56541.7421875
56541.53125
56541.3203125
56541.109375
56540.8984375
56540.6875
56540.4765625
56540.265625
56540.0546875
56539.84375
56539.6328125
56539.421875
56539.2109375
56539.0
