55026.7890625
55026.578125
55026.3671875
55026.15625
55025.9453125
55025.734375
55025.5234375
55025.3125
55025.1015625
55024.890625
55024.6796875
55024.46875
55024.2578125
55024.046875
55023.8359375
55023.625
55023.4140625
55023.203125
55022.9921875
55022.78125
55022.5703125
55022.359375
55022.1484375
55021.9375
55021.7265625
55021.515625
55021.3046875
55021.09375
55020.8828125
55020.671875
55020.4609375
55020.25
55020.0390625
55019.828125
55019.6171875
55019.40625
55019.1953125
55018.984375
55018.7734375
55018.5625
55018.3515625
55018.140625
55017.9296875
55017.71875
55017.5078125
55017.296875
55017.0859375
55016.875
55016.6640625
55016.453125
55016.2421875
55016.03125
55015.8203125
55015.609375
55015.3984375
55015.1875
55014.9765625
55014.765625
55014.5546875
55014.34375
55014.1328125
55013.921875
55013.7109375
55013.5
55013.2890625
55013.078125
55012.8671875
55012.65625
55012.4453125
55012.234375
55012.0234375
55011.8125
55011.6015625
55011.390625
55011.1796875
55010.96875
55010.7578125
55010.546875
55010.3359375
55010.125
55009.9140625
55009.703125
55009.4921875
55009.28125
55009.0703125
55008.859375
55008.6484375
55008.4375
55008.2265625
55008.015625
55007.8046875
55007.59375
55007.3828125
55007.171875
55006.9609375
55006.75
55006.5390625
55006.328125
55006.1171875
55005.90625
55005.6953125
55005.484375
55005.2734375
55005.0625
55004.8515625
55004.640625
55004.4296875
55004.21875
55004.0078125
55003.796875
55003.5859375
55003.375
55003.1640625
55002.953125
55002.7421875
55002.53125
55002.3203125
55002.109375
55001.8984375
55001.6875
55001.4765625
55001.265625
55001.0546875
55000.84375
55000.6328125
55000.421875
55000.2109375
55000.0
