55242.7890625
55242.578125
55242.3671875
55242.15625
55241.9453125
55241.734375
55241.5234375
55241.3125
55241.1015625
55240.890625
55240.6796875
55240.46875
55240.2578125
55240.046875
55239.8359375
55239.625
55239.4140625
55239.203125
55238.9921875
55238.78125
55238.5703125
55238.359375
55238.1484375
55237.9375
55237.7265625
55237.515625
55237.3046875
55237.09375
55236.8828125
55236.671875
55236.4609375
55236.25
55236.0390625
55235.828125
55235.6171875
55235.40625
55235.1953125
55234.984375
55234.7734375
55234.5625
55234.3515625
55234.140625
55233.9296875
55233.71875
55233.5078125
55233.296875
55233.0859375
55232.875
55232.6640625
55232.453125
55232.2421875
55232.03125
55231.8203125
55231.609375
55231.3984375
55231.1875
55230.9765625
55230.765625
55230.5546875
55230.34375
55230.1328125
55229.921875
55229.7109375
55229.5
55229.2890625
55229.078125
55228.8671875
55228.65625
55228.4453125
55228.234375
55228.0234375
55227.8125
55227.6015625
55227.390625
55227.1796875
55226.96875
55226.7578125
55226.546875
55226.3359375
55226.125
55225.9140625
55225.703125
55225.4921875
55225.28125
55225.0703125
55224.859375
55224.6484375
55224.4375
55224.2265625
55224.015625
55223.8046875
55223.59375
55223.3828125
55223.171875
55222.9609375
55222.75
55222.5390625
55222.328125
55222.1171875
55221.90625
55221.6953125
55221.484375
55221.2734375
55221.0625
55220.8515625
55220.640625
55220.4296875
55220.21875
55220.0078125
55219.796875
55219.5859375
55219.375
55219.1640625
55218.953125
55218.7421875
55218.53125
55218.3203125
55218.109375
55217.8984375
55217.6875
55217.4765625
55217.265625
55217.0546875
55216.84375
55216.6328125
55216.421875
55216.2109375
55216.0
