55188.7890625
55188.578125
55188.3671875
55188.15625
55187.9453125
55187.734375
55187.5234375
55187.3125
55187.1015625
55186.890625
55186.6796875
55186.46875
55186.2578125
55186.046875
55185.8359375
55185.625
55185.4140625
55185.203125
55184.9921875
55184.78125
55184.5703125
55184.359375
55184.1484375
55183.9375
55183.7265625
55183.515625
55183.3046875
55183.09375
55182.8828125
55182.671875
55182.4609375
55182.25
55182.0390625
55181.828125
55181.6171875
55181.40625
55181.1953125
55180.984375
55180.7734375
55180.5625
55180.3515625
55180.140625
55179.9296875
55179.71875
55179.5078125
55179.296875
55179.0859375
55178.875
55178.6640625
55178.453125
55178.2421875
55178.03125
55177.8203125
55177.609375
55177.3984375
55177.1875
55176.9765625
55176.765625
55176.5546875
55176.34375
55176.1328125
55175.921875
55175.7109375
55175.5
55175.2890625
55175.078125
55174.8671875
55174.65625
55174.4453125
55174.234375
55174.0234375
55173.8125
55173.6015625
55173.390625
55173.1796875
55172.96875
55172.7578125
55172.546875
55172.3359375
55172.125
55171.9140625
55171.703125
55171.4921875
55171.28125
55171.0703125
55170.859375
55170.6484375
55170.4375
55170.2265625
55170.015625
55169.8046875
55169.59375
55169.3828125
55169.171875
55168.9609375
55168.75
55168.5390625
55168.328125
55168.1171875
55167.90625
55167.6953125
55167.484375
55167.2734375
55167.0625
55166.8515625
55166.640625
55166.4296875
55166.21875
55166.0078125
55165.796875
55165.5859375
55165.375
55165.1640625
55164.953125
55164.7421875
55164.53125
55164.3203125
55164.109375
55163.8984375
55163.6875
55163.4765625
55163.265625
55163.0546875
55162.84375
55162.6328125
55162.421875
55162.2109375
55162.0
