56700.7890625
56700.578125
56700.3671875
56700.15625
56699.9453125
56699.734375
56699.5234375
56699.3125
56699.1015625
56698.890625
56698.6796875
56698.46875
56698.2578125
56698.046875
56697.8359375
56697.625
56697.4140625
56697.203125
56696.9921875
56696.78125
56696.5703125
56696.359375
56696.1484375
56695.9375
56695.7265625
56695.515625
56695.3046875
56695.09375
56694.8828125
56694.671875
56694.4609375
56694.25
56694.0390625
56693.828125
56693.6171875
56693.40625
56693.1953125
56692.984375
56692.7734375
56692.5625
56692.3515625
56692.140625
56691.9296875
56691.71875
56691.5078125
56691.296875
56691.0859375
56690.875
56690.6640625
56690.453125
56690.2421875
56690.03125
56689.8203125
56689.609375
56689.3984375
56689.1875
56688.9765625
56688.765625
56688.5546875
56688.34375
56688.1328125
56687.921875
56687.7109375
56687.5
56687.2890625
56687.078125
56686.8671875
56686.65625
56686.4453125
56686.234375
56686.0234375
56685.8125
56685.6015625
56685.390625
56685.1796875
56684.96875
56684.7578125
56684.546875
56684.3359375
56684.125
56683.9140625
56683.703125
56683.4921875
56683.28125
56683.0703125
56682.859375
56682.6484375
56682.4375
56682.2265625
56682.015625
56681.8046875
56681.59375
56681.3828125
56681.171875
56680.9609375
56680.75
56680.5390625
56680.328125
56680.1171875
56679.90625
56679.6953125
56679.484375
56679.2734375
56679.0625
56678.8515625
56678.640625
56678.4296875
56678.21875
56678.0078125
56677.796875
56677.5859375
56677.375
56677.1640625
56676.953125
56676.7421875
56676.53125
56676.3203125
56676.109375
56675.8984375
56675.6875
56675.4765625
56675.265625
56675.0546875
56674.84375
56674.6328125
56674.421875
56674.2109375
56674.0
