56349.7890625
56349.578125
56349.3671875
56349.15625
56348.9453125
56348.734375
56348.5234375
56348.3125
56348.1015625
56347.890625
56347.6796875
56347.46875
56347.2578125
56347.046875
56346.8359375
56346.625
56346.4140625
56346.203125
56345.9921875
56345.78125
56345.5703125
56345.359375
56345.1484375
56344.9375
56344.7265625
56344.515625
56344.3046875
56344.09375
56343.8828125
56343.671875
56343.4609375
56343.25
56343.0390625
56342.828125
56342.6171875
56342.40625
56342.1953125
56341.984375
56341.7734375
56341.5625
56341.3515625
56341.140625
56340.9296875
56340.71875
56340.5078125
56340.296875
56340.0859375
56339.875
56339.6640625
56339.453125
56339.2421875
56339.03125
56338.8203125
56338.609375
56338.3984375
56338.1875
56337.9765625
56337.765625
56337.5546875
56337.34375
56337.1328125
56336.921875
56336.7109375
56336.5
56336.2890625
56336.078125
56335.8671875
56335.65625
56335.4453125
56335.234375
56335.0234375
56334.8125
56334.6015625
56334.390625
56334.1796875
56333.96875
56333.7578125
56333.546875
56333.3359375
56333.125
56332.9140625
56332.703125
56332.4921875
56332.28125
56332.0703125
56331.859375
56331.6484375
56331.4375
56331.2265625
56331.015625
56330.8046875
56330.59375
56330.3828125
56330.171875
56329.9609375
56329.75
56329.5390625
56329.328125
56329.1171875
56328.90625
56328.6953125
56328.484375
56328.2734375
56328.0625
56327.8515625
56327.640625
56327.4296875
56327.21875
56327.0078125
56326.796875
56326.5859375
56326.375
56326.1640625
56325.953125
56325.7421875
56325.53125
56325.3203125
56325.109375
56324.8984375
56324.6875
56324.4765625
56324.265625
56324.0546875
56323.84375
56323.6328125
56323.421875
56323.2109375
56323.0
