54567.7890625
54567.578125
54567.3671875
54567.15625
54566.9453125
54566.734375
54566.5234375
54566.3125
54566.1015625
54565.890625
54565.6796875
54565.46875
54565.2578125
54565.046875
54564.8359375
54564.625
54564.4140625
54564.203125
54563.9921875
54563.78125
54563.5703125
54563.359375
54563.1484375
54562.9375
54562.7265625
54562.515625
54562.3046875
54562.09375
54561.8828125
54561.671875
54561.4609375
54561.25
54561.0390625
54560.828125
54560.6171875
54560.40625
54560.1953125
54559.984375
54559.7734375
54559.5625
54559.3515625
54559.140625
54558.9296875
54558.71875
54558.5078125
54558.296875
54558.0859375
54557.875
54557.6640625
54557.453125
54557.2421875
54557.03125
54556.8203125
54556.609375
54556.3984375
54556.1875
54555.9765625
54555.765625
54555.5546875
54555.34375
54555.1328125
54554.921875
54554.7109375
54554.5
54554.2890625
54554.078125
54553.8671875
54553.65625
54553.4453125
54553.234375
54553.0234375
54552.8125
54552.6015625
54552.390625
54552.1796875
54551.96875
54551.7578125
54551.546875
54551.3359375
54551.125
54550.9140625
54550.703125
54550.4921875
54550.28125
54550.0703125
54549.859375
54549.6484375
54549.4375
54549.2265625
54549.015625
54548.8046875
54548.59375
54548.3828125
54548.171875
54547.9609375
54547.75
54547.5390625
54547.328125
54547.1171875
54546.90625
54546.6953125
54546.484375
54546.2734375
54546.0625
54545.8515625
54545.640625
54545.4296875
54545.21875
54545.0078125
54544.796875
54544.5859375
54544.375
54544.1640625
54543.953125
54543.7421875
54543.53125
54543.3203125
54543.109375
54542.8984375
54542.6875
54542.4765625
54542.265625
54542.0546875
54541.84375
54541.6328125
54541.421875
54541.2109375
54541.0
