55809.7890625
55809.578125
55809.3671875
55809.15625
55808.9453125
55808.734375
55808.5234375
55808.3125
55808.1015625
55807.890625
55807.6796875
55807.46875
55807.2578125
55807.046875
55806.8359375
55806.625
55806.4140625
55806.203125
55805.9921875
55805.78125
55805.5703125
55805.359375
55805.1484375
55804.9375
55804.7265625
55804.515625
55804.3046875
55804.09375
55803.8828125
55803.671875
55803.4609375
55803.25
55803.0390625
55802.828125
55802.6171875
55802.40625
55802.1953125
55801.984375
55801.7734375
55801.5625
55801.3515625
55801.140625
55800.9296875
55800.71875
55800.5078125
55800.296875
55800.0859375
55799.875
55799.6640625
55799.453125
55799.2421875
55799.03125
55798.8203125
55798.609375
55798.3984375
55798.1875
55797.9765625
55797.765625
55797.5546875
55797.34375
55797.1328125
55796.921875
55796.7109375
55796.5
55796.2890625
55796.078125
55795.8671875
55795.65625
55795.4453125
55795.234375
55795.0234375
55794.8125
55794.6015625
55794.390625
55794.1796875
55793.96875
55793.7578125
55793.546875
55793.3359375
55793.125
55792.9140625
55792.703125
55792.4921875
55792.28125
55792.0703125
55791.859375
55791.6484375
55791.4375
55791.2265625
55791.015625
55790.8046875
55790.59375
55790.3828125
55790.171875
55789.9609375
55789.75
55789.5390625
55789.328125
55789.1171875
55788.90625
55788.6953125
55788.484375
55788.2734375
55788.0625
55787.8515625
55787.640625
55787.4296875
55787.21875
55787.0078125
55786.796875
55786.5859375
55786.375
55786.1640625
55785.953125
55785.7421875
55785.53125
55785.3203125
55785.109375
55784.8984375
55784.6875
55784.4765625
55784.265625
55784.0546875
55783.84375
55783.6328125
55783.421875
55783.2109375
55783.0
