54864.7890625
54864.578125
54864.3671875
54864.15625
54863.9453125
54863.734375
54863.5234375
54863.3125
54863.1015625
54862.890625
54862.6796875
54862.46875
54862.2578125
54862.046875
54861.8359375
54861.625
54861.4140625
54861.203125
54860.9921875
54860.78125
54860.5703125
54860.359375
54860.1484375
54859.9375
54859.7265625
54859.515625
54859.3046875
54859.09375
54858.8828125
54858.671875
54858.4609375
54858.25
54858.0390625
54857.828125
54857.6171875
54857.40625
54857.1953125
54856.984375
54856.7734375
54856.5625
54856.3515625
54856.140625
54855.9296875
54855.71875
54855.5078125
54855.296875
54855.0859375
54854.875
54854.6640625
54854.453125
54854.2421875
54854.03125
54853.8203125
54853.609375
54853.3984375
54853.1875
54852.9765625
54852.765625
54852.5546875
54852.34375
54852.1328125
54851.921875
54851.7109375
54851.5
54851.2890625
54851.078125
54850.8671875
54850.65625
54850.4453125
54850.234375
54850.0234375
54849.8125
54849.6015625
54849.390625
54849.1796875
54848.96875
54848.7578125
54848.546875
54848.3359375
54848.125
54847.9140625
54847.703125
54847.4921875
54847.28125
54847.0703125
54846.859375
54846.6484375
54846.4375
54846.2265625
54846.015625
54845.8046875
54845.59375
54845.3828125
54845.171875
54844.9609375
54844.75
54844.5390625
54844.328125
54844.1171875
54843.90625
54843.6953125
54843.484375
54843.2734375
54843.0625
54842.8515625
54842.640625
54842.4296875
54842.21875
54842.0078125
54841.796875
54841.5859375
54841.375
54841.1640625
54840.953125
54840.7421875
54840.53125
54840.3203125
54840.109375
54839.8984375
54839.6875
54839.4765625
54839.265625
54839.0546875
54838.84375
54838.6328125
54838.421875
54838.2109375
54838.0
