56052.7890625
56052.578125
56052.3671875
56052.15625
56051.9453125
56051.734375
56051.5234375
56051.3125
56051.1015625
56050.890625
56050.6796875
56050.46875
56050.2578125
56050.046875
56049.8359375
56049.625
56049.4140625
56049.203125
56048.9921875
56048.78125
56048.5703125
56048.359375
56048.1484375
56047.9375
56047.7265625
56047.515625
56047.3046875
56047.09375
56046.8828125
56046.671875
56046.4609375
56046.25
56046.0390625
56045.828125
56045.6171875
56045.40625
56045.1953125
56044.984375
56044.7734375
56044.5625
56044.3515625
56044.140625
56043.9296875
56043.71875
56043.5078125
56043.296875
56043.0859375
56042.875
56042.6640625
56042.453125
56042.2421875
56042.03125
56041.8203125
56041.609375
56041.3984375
56041.1875
56040.9765625
56040.765625
56040.5546875
56040.34375
56040.1328125
56039.921875
56039.7109375
56039.5
56039.2890625
56039.078125
56038.8671875
56038.65625
56038.4453125
56038.234375
56038.0234375
56037.8125
56037.6015625
56037.390625
56037.1796875
56036.96875
56036.7578125
56036.546875
56036.3359375
56036.125
56035.9140625
56035.703125
56035.4921875
56035.28125
56035.0703125
56034.859375
56034.6484375
56034.4375
56034.2265625
56034.015625
56033.8046875
56033.59375
56033.3828125
56033.171875
56032.9609375
56032.75
56032.5390625
56032.328125
56032.1171875
56031.90625
56031.6953125
56031.484375
56031.2734375
56031.0625
56030.8515625
56030.640625
56030.4296875
56030.21875
56030.0078125
56029.796875
56029.5859375
56029.375
56029.1640625
56028.953125
56028.7421875
56028.53125
56028.3203125
56028.109375
56027.8984375
56027.6875
56027.4765625
56027.265625
56027.0546875
56026.84375
56026.6328125
56026.421875
56026.2109375
56026.0
