55512.7890625
55512.578125
55512.3671875
55512.15625
55511.9453125
55511.734375
55511.5234375
55511.3125
55511.1015625
55510.890625
55510.6796875
55510.46875
55510.2578125
55510.046875
55509.8359375
55509.625
55509.4140625
55509.203125
55508.9921875
55508.78125
55508.5703125
55508.359375
55508.1484375
55507.9375
55507.7265625
55507.515625
55507.3046875
55507.09375
55506.8828125
55506.671875
55506.4609375
55506.25
55506.0390625
55505.828125
55505.6171875
55505.40625
55505.1953125
55504.984375
55504.7734375
55504.5625
55504.3515625
55504.140625
55503.9296875
55503.71875
55503.5078125
55503.296875
55503.0859375
55502.875
55502.6640625
55502.453125
55502.2421875
55502.03125
55501.8203125
55501.609375
55501.3984375
55501.1875
55500.9765625
55500.765625
55500.5546875
55500.34375
55500.1328125
55499.921875
55499.7109375
55499.5
55499.2890625
55499.078125
55498.8671875
55498.65625
55498.4453125
55498.234375
55498.0234375
55497.8125
55497.6015625
55497.390625
55497.1796875
55496.96875
55496.7578125
55496.546875
55496.3359375
55496.125
55495.9140625
55495.703125
55495.4921875
55495.28125
55495.0703125
55494.859375
55494.6484375
55494.4375
55494.2265625
55494.015625
55493.8046875
55493.59375
55493.3828125
55493.171875
55492.9609375
55492.75
55492.5390625
55492.328125
55492.1171875
55491.90625
55491.6953125
55491.484375
55491.2734375
55491.0625
55490.8515625
55490.640625
55490.4296875
55490.21875
55490.0078125
55489.796875
55489.5859375
55489.375
55489.1640625
55488.953125
55488.7421875
55488.53125
55488.3203125
55488.109375
55487.8984375
55487.6875
55487.4765625
55487.265625
55487.0546875
55486.84375
55486.6328125
55486.421875
55486.2109375
55486.0
