54594.7890625
54594.578125
54594.3671875
54594.15625
54593.9453125
54593.734375
54593.5234375
54593.3125
54593.1015625
54592.890625
54592.6796875
54592.46875
54592.2578125
54592.046875
54591.8359375
54591.625
54591.4140625
54591.203125
54590.9921875
54590.78125
54590.5703125
54590.359375
54590.1484375
54589.9375
54589.7265625
54589.515625
54589.3046875
54589.09375
54588.8828125
54588.671875
54588.4609375
54588.25
54588.0390625
54587.828125
54587.6171875
54587.40625
54587.1953125
54586.984375
54586.7734375
54586.5625
54586.3515625
54586.140625
54585.9296875
54585.71875
54585.5078125
54585.296875
54585.0859375
54584.875
54584.6640625
54584.453125
54584.2421875
54584.03125
54583.8203125
54583.609375
54583.3984375
54583.1875
54582.9765625
54582.765625
54582.5546875
54582.34375
54582.1328125
54581.921875
54581.7109375
54581.5
54581.2890625
54581.078125
54580.8671875
54580.65625
54580.4453125
54580.234375
54580.0234375
54579.8125
54579.6015625
54579.390625
54579.1796875
54578.96875
54578.7578125
54578.546875
54578.3359375
54578.125
54577.9140625
54577.703125
54577.4921875
54577.28125
54577.0703125
54576.859375
54576.6484375
54576.4375
54576.2265625
54576.015625
54575.8046875
54575.59375
54575.3828125
54575.171875
54574.9609375
54574.75
54574.5390625
54574.328125
54574.1171875
54573.90625
54573.6953125
54573.484375
54573.2734375
54573.0625
54572.8515625
54572.640625
54572.4296875
54572.21875
54572.0078125
54571.796875
54571.5859375
54571.375
54571.1640625
54570.953125
54570.7421875
54570.53125
54570.3203125
54570.109375
54569.8984375
54569.6875
54569.4765625
54569.265625
54569.0546875
54568.84375
54568.6328125
54568.421875
54568.2109375
54568.0
