55134.7890625
55134.578125
55134.3671875
55134.15625
55133.9453125
55133.734375
55133.5234375
55133.3125
55133.1015625
55132.890625
55132.6796875
55132.46875
55132.2578125
55132.046875
55131.8359375
55131.625
55131.4140625
55131.203125
55130.9921875
55130.78125
55130.5703125
55130.359375
55130.1484375
55129.9375
55129.7265625
55129.515625
55129.3046875
55129.09375
55128.8828125
55128.671875
55128.4609375
55128.25
55128.0390625
55127.828125
55127.6171875
55127.40625
55127.1953125
55126.984375
55126.7734375
55126.5625
55126.3515625
55126.140625
55125.9296875
55125.71875
55125.5078125
55125.296875
55125.0859375
55124.875
55124.6640625
55124.453125
55124.2421875
55124.03125
55123.8203125
55123.609375
55123.3984375
55123.1875
55122.9765625
55122.765625
55122.5546875
55122.34375
55122.1328125
55121.921875
55121.7109375
55121.5
55121.2890625
55121.078125
55120.8671875
55120.65625
55120.4453125
55120.234375
55120.0234375
55119.8125
55119.6015625
55119.390625
55119.1796875
55118.96875
55118.7578125
55118.546875
55118.3359375
55118.125
55117.9140625
55117.703125
55117.4921875
55117.28125
55117.0703125
55116.859375
55116.6484375
55116.4375
55116.2265625
55116.015625
55115.8046875
55115.59375
55115.3828125
55115.171875
55114.9609375
55114.75
55114.5390625
55114.328125
55114.1171875
55113.90625
55113.6953125
55113.484375
55113.2734375
55113.0625
55112.8515625
55112.640625
55112.4296875
55112.21875
55112.0078125
55111.796875
55111.5859375
55111.375
55111.1640625
55110.953125
55110.7421875
55110.53125
55110.3203125
55110.109375
55109.8984375
55109.6875
55109.4765625
55109.265625
55109.0546875
55108.84375
55108.6328125
55108.421875
55108.2109375
55108.0
