55593.7890625
55593.578125
55593.3671875
55593.15625
55592.9453125
55592.734375
55592.5234375
55592.3125
55592.1015625
55591.890625
55591.6796875
55591.46875
55591.2578125
55591.046875
55590.8359375
55590.625
55590.4140625
55590.203125
55589.9921875
55589.78125
55589.5703125
55589.359375
55589.1484375
55588.9375
55588.7265625
55588.515625
55588.3046875
55588.09375
55587.8828125
55587.671875
55587.4609375
55587.25
55587.0390625
55586.828125
55586.6171875
55586.40625
55586.1953125
55585.984375
55585.7734375
55585.5625
55585.3515625
55585.140625
55584.9296875
55584.71875
55584.5078125
55584.296875
55584.0859375
55583.875
55583.6640625
55583.453125
55583.2421875
55583.03125
55582.8203125
55582.609375
55582.3984375
55582.1875
55581.9765625
55581.765625
55581.5546875
55581.34375
55581.1328125
55580.921875
55580.7109375
55580.5
55580.2890625
55580.078125
55579.8671875
55579.65625
55579.4453125
55579.234375
55579.0234375
55578.8125
55578.6015625
55578.390625
55578.1796875
55577.96875
55577.7578125
55577.546875
55577.3359375
55577.125
55576.9140625
55576.703125
55576.4921875
55576.28125
55576.0703125
55575.859375
55575.6484375
55575.4375
55575.2265625
55575.015625
55574.8046875
55574.59375
55574.3828125
55574.171875
55573.9609375
55573.75
55573.5390625
55573.328125
55573.1171875
55572.90625
55572.6953125
55572.484375
55572.2734375
55572.0625
55571.8515625
55571.640625
55571.4296875
55571.21875
55571.0078125
55570.796875
55570.5859375
55570.375
55570.1640625
55569.953125
55569.7421875
55569.53125
55569.3203125
55569.109375
55568.8984375
55568.6875
55568.4765625
55568.265625
55568.0546875
55567.84375
55567.6328125
55567.421875
55567.2109375
55567.0
