54648.7890625
54648.578125
54648.3671875
54648.15625
54647.9453125
54647.734375
54647.5234375
54647.3125
54647.1015625
54646.890625
54646.6796875
54646.46875
54646.2578125
54646.046875
54645.8359375
54645.625
54645.4140625
54645.203125
54644.9921875
54644.78125
54644.5703125
54644.359375
54644.1484375
54643.9375
54643.7265625
54643.515625
54643.3046875
54643.09375
54642.8828125
54642.671875
54642.4609375
54642.25
54642.0390625
54641.828125
54641.6171875
54641.40625
54641.1953125
54640.984375
54640.7734375
54640.5625
54640.3515625
54640.140625
54639.9296875
54639.71875
54639.5078125
54639.296875
54639.0859375
54638.875
54638.6640625
54638.453125
54638.2421875
54638.03125
54637.8203125
54637.609375
54637.3984375
54637.1875
54636.9765625
54636.765625
54636.5546875
54636.34375
54636.1328125
54635.921875
54635.7109375
54635.5
54635.2890625
54635.078125
54634.8671875
54634.65625
54634.4453125
54634.234375
54634.0234375
54633.8125
54633.6015625
54633.390625
54633.1796875
54632.96875
54632.7578125
54632.546875
54632.3359375
54632.125
54631.9140625
54631.703125
54631.4921875
54631.28125
54631.0703125
54630.859375
54630.6484375
54630.4375
54630.2265625
54630.015625
54629.8046875
54629.59375
54629.3828125
54629.171875
54628.9609375
54628.75
54628.5390625
54628.328125
54628.1171875
54627.90625
54627.6953125
54627.484375
54627.2734375
54627.0625
54626.8515625
54626.640625
54626.4296875
54626.21875
54626.0078125
54625.796875
54625.5859375
54625.375
54625.1640625
54624.953125
54624.7421875
54624.53125
54624.3203125
54624.109375
54623.8984375
54623.6875
54623.4765625
54623.265625
54623.0546875
54622.84375
54622.6328125
54622.421875
54622.2109375
54622.0
