55539.7890625
55539.578125
55539.3671875
55539.15625
55538.9453125
55538.734375
55538.5234375
55538.3125
55538.1015625
55537.890625
55537.6796875
55537.46875
55537.2578125
55537.046875
55536.8359375
55536.625
55536.4140625
55536.203125
55535.9921875
55535.78125
55535.5703125
55535.359375
55535.1484375
55534.9375
55534.7265625
55534.515625
55534.3046875
55534.09375
55533.8828125
55533.671875
55533.4609375
55533.25
55533.0390625
55532.828125
55532.6171875
55532.40625
55532.1953125
55531.984375
55531.7734375
55531.5625
55531.3515625
55531.140625
55530.9296875
55530.71875
55530.5078125
55530.296875
55530.0859375
55529.875
55529.6640625
55529.453125
55529.2421875
55529.03125
55528.8203125
55528.609375
55528.3984375
55528.1875
55527.9765625
55527.765625
55527.5546875
55527.34375
55527.1328125
55526.921875
55526.7109375
55526.5
55526.2890625
55526.078125
55525.8671875
55525.65625
55525.4453125
55525.234375
55525.0234375
55524.8125
55524.6015625
55524.390625
55524.1796875
55523.96875
55523.7578125
55523.546875
55523.3359375
55523.125
55522.9140625
55522.703125
55522.4921875
55522.28125
55522.0703125
55521.859375
55521.6484375
55521.4375
55521.2265625
55521.015625
55520.8046875
55520.59375
55520.3828125
55520.171875
55519.9609375
55519.75
55519.5390625
55519.328125
55519.1171875
55518.90625
55518.6953125
55518.484375
55518.2734375
55518.0625
55517.8515625
55517.640625
55517.4296875
55517.21875
55517.0078125
55516.796875
55516.5859375
55516.375
55516.1640625
55515.953125
55515.7421875
55515.53125
55515.3203125
55515.109375
55514.8984375
55514.6875
55514.4765625
55514.265625
55514.0546875
55513.84375
55513.6328125
55513.421875
55513.2109375
55513.0
