54756.7890625
54756.578125
54756.3671875
54756.15625
54755.9453125
54755.734375
54755.5234375
54755.3125
54755.1015625
54754.890625
54754.6796875
54754.46875
54754.2578125
54754.046875
54753.8359375
54753.625
54753.4140625
54753.203125
54752.9921875
54752.78125
54752.5703125
54752.359375
54752.1484375
54751.9375
54751.7265625
54751.515625
54751.3046875
54751.09375
54750.8828125
54750.671875
54750.4609375
54750.25
54750.0390625
54749.828125
54749.6171875
54749.40625
54749.1953125
54748.984375
54748.7734375
54748.5625
54748.3515625
54748.140625
54747.9296875
54747.71875
54747.5078125
54747.296875
54747.0859375
54746.875
54746.6640625
54746.453125
54746.2421875
54746.03125
54745.8203125
54745.609375
54745.3984375
54745.1875
54744.9765625
54744.765625
54744.5546875
54744.34375
54744.1328125
54743.921875
54743.7109375
54743.5
54743.2890625
54743.078125
54742.8671875
54742.65625
54742.4453125
54742.234375
54742.0234375
54741.8125
54741.6015625
54741.390625
54741.1796875
54740.96875
54740.7578125
54740.546875
54740.3359375
54740.125
54739.9140625
54739.703125
54739.4921875
54739.28125
54739.0703125
54738.859375
54738.6484375
54738.4375
54738.2265625
54738.015625
54737.8046875
54737.59375
54737.3828125
54737.171875
54736.9609375
54736.75
54736.5390625
54736.328125
54736.1171875
54735.90625
54735.6953125
54735.484375
54735.2734375
54735.0625
54734.8515625
54734.640625
54734.4296875
54734.21875
54734.0078125
54733.796875
54733.5859375
54733.375
54733.1640625
54732.953125
54732.7421875
54732.53125
54732.3203125
54732.109375
54731.8984375
54731.6875
54731.4765625
54731.265625
54731.0546875
54730.84375
54730.6328125
54730.421875
54730.2109375
54730.0
