56862.7890625
56862.578125
56862.3671875
56862.15625
56861.9453125
56861.734375
56861.5234375
56861.3125
56861.1015625
56860.890625
56860.6796875
56860.46875
56860.2578125
56860.046875
56859.8359375
56859.625
56859.4140625
56859.203125
56858.9921875
56858.78125
56858.5703125
56858.359375
56858.1484375
56857.9375
56857.7265625
56857.515625
56857.3046875
56857.09375
56856.8828125
56856.671875
56856.4609375
56856.25
56856.0390625
56855.828125
56855.6171875
56855.40625
56855.1953125
56854.984375
56854.7734375
56854.5625
56854.3515625
56854.140625
56853.9296875
56853.71875
56853.5078125
56853.296875
56853.0859375
56852.875
56852.6640625
56852.453125
56852.2421875
56852.03125
56851.8203125
56851.609375
56851.3984375
56851.1875
56850.9765625
56850.765625
56850.5546875
56850.34375
56850.1328125
56849.921875
56849.7109375
56849.5
56849.2890625
56849.078125
56848.8671875
56848.65625
56848.4453125
56848.234375
56848.0234375
56847.8125
56847.6015625
56847.390625
56847.1796875
56846.96875
56846.7578125
56846.546875
56846.3359375
56846.125
56845.9140625
56845.703125
56845.4921875
56845.28125
56845.0703125
56844.859375
56844.6484375
56844.4375
56844.2265625
56844.015625
56843.8046875
56843.59375
56843.3828125
56843.171875
56842.9609375
56842.75
56842.5390625
56842.328125
56842.1171875
56841.90625
56841.6953125
56841.484375
56841.2734375
56841.0625
56840.8515625
56840.640625
56840.4296875
56840.21875
56840.0078125
56839.796875
56839.5859375
56839.375
56839.1640625
56838.953125
56838.7421875
56838.53125
56838.3203125
56838.109375
56837.8984375
56837.6875
56837.4765625
56837.265625
56837.0546875
56836.84375
56836.6328125
56836.421875
56836.2109375
56836.0
