55161.7890625
55161.578125
55161.3671875
55161.15625
55160.9453125
55160.734375
55160.5234375
55160.3125
55160.1015625
55159.890625
55159.6796875
55159.46875
55159.2578125
55159.046875
55158.8359375
55158.625
55158.4140625
55158.203125
55157.9921875
55157.78125
55157.5703125
55157.359375
55157.1484375
55156.9375
55156.7265625
55156.515625
55156.3046875
55156.09375
55155.8828125
55155.671875
55155.4609375
55155.25
55155.0390625
55154.828125
55154.6171875
55154.40625
55154.1953125
55153.984375
55153.7734375
55153.5625
55153.3515625
55153.140625
55152.9296875
55152.71875
55152.5078125
55152.296875
55152.0859375
55151.875
55151.6640625
55151.453125
55151.2421875
55151.03125
55150.8203125
55150.609375
55150.3984375
55150.1875
55149.9765625
55149.765625
55149.5546875
55149.34375
55149.1328125
55148.921875
55148.7109375
55148.5
55148.2890625
55148.078125
55147.8671875
55147.65625
55147.4453125
55147.234375
55147.0234375
55146.8125
55146.6015625
55146.390625
55146.1796875
55145.96875
55145.7578125
55145.546875
55145.3359375
55145.125
55144.9140625
55144.703125
55144.4921875
55144.28125
55144.0703125
55143.859375
55143.6484375
55143.4375
55143.2265625
55143.015625
55142.8046875
55142.59375
55142.3828125
55142.171875
55141.9609375
55141.75
55141.5390625
55141.328125
55141.1171875
55140.90625
55140.6953125
55140.484375
55140.2734375
55140.0625
55139.8515625
55139.640625
55139.4296875
55139.21875
55139.0078125
55138.796875
55138.5859375
55138.375
55138.1640625
55137.953125
55137.7421875
55137.53125
55137.3203125
55137.109375
55136.8984375
55136.6875
55136.4765625
55136.265625
55136.0546875
55135.84375
55135.6328125
55135.421875
55135.2109375
55135.0
