56295.7890625
56295.578125
56295.3671875
56295.15625
56294.9453125
56294.734375
56294.5234375
56294.3125
56294.1015625
56293.890625
56293.6796875
56293.46875
56293.2578125
56293.046875
56292.8359375
56292.625
56292.4140625
56292.203125
56291.9921875
56291.78125
56291.5703125
56291.359375
56291.1484375
56290.9375
56290.7265625
56290.515625
56290.3046875
56290.09375
56289.8828125
56289.671875
56289.4609375
56289.25
56289.0390625
56288.828125
56288.6171875
56288.40625
56288.1953125
56287.984375
56287.7734375
56287.5625
56287.3515625
56287.140625
56286.9296875
56286.71875
56286.5078125
56286.296875
56286.0859375
56285.875
56285.6640625
56285.453125
56285.2421875
56285.03125
56284.8203125
56284.609375
56284.3984375
56284.1875
56283.9765625
56283.765625
56283.5546875
56283.34375
56283.1328125
56282.921875
56282.7109375
56282.5
56282.2890625
56282.078125
56281.8671875
56281.65625
56281.4453125
56281.234375
56281.0234375
56280.8125
56280.6015625
56280.390625
56280.1796875
56279.96875
56279.7578125
56279.546875
56279.3359375
56279.125
56278.9140625
56278.703125
56278.4921875
56278.28125
56278.0703125
56277.859375
56277.6484375
56277.4375
56277.2265625
56277.015625
56276.8046875
56276.59375
56276.3828125
56276.171875
56275.9609375
56275.75
56275.5390625
56275.328125
56275.1171875
56274.90625
56274.6953125
56274.484375
56274.2734375
56274.0625
56273.8515625
56273.640625
56273.4296875
56273.21875
56273.0078125
56272.796875
56272.5859375
56272.375
56272.1640625
56271.953125
56271.7421875
56271.53125
56271.3203125
56271.109375
56270.8984375
56270.6875
56270.4765625
56270.265625
56270.0546875
56269.84375
56269.6328125
56269.421875
56269.2109375
56269.0
