54945.7890625
54945.578125
54945.3671875
54945.15625
54944.9453125
54944.734375
54944.5234375
54944.3125
54944.1015625
54943.890625
54943.6796875
54943.46875
54943.2578125
54943.046875
54942.8359375
54942.625
54942.4140625
54942.203125
54941.9921875
54941.78125
54941.5703125
54941.359375
54941.1484375
54940.9375
54940.7265625
54940.515625
54940.3046875
54940.09375
54939.8828125
54939.671875
54939.4609375
54939.25
54939.0390625
54938.828125
54938.6171875
54938.40625
54938.1953125
54937.984375
54937.7734375
54937.5625
54937.3515625
54937.140625
54936.9296875
54936.71875
54936.5078125
54936.296875
54936.0859375
54935.875
54935.6640625
54935.453125
54935.2421875
54935.03125
54934.8203125
54934.609375
54934.3984375
54934.1875
54933.9765625
54933.765625
54933.5546875
54933.34375
54933.1328125
54932.921875
54932.7109375
54932.5
54932.2890625
54932.078125
54931.8671875
54931.65625
54931.4453125
54931.234375
54931.0234375
54930.8125
54930.6015625
54930.390625
54930.1796875
54929.96875
54929.7578125
54929.546875
54929.3359375
54929.125
54928.9140625
54928.703125
54928.4921875
54928.28125
54928.0703125
54927.859375
54927.6484375
54927.4375
54927.2265625
54927.015625
54926.8046875
54926.59375
54926.3828125
54926.171875
54925.9609375
54925.75
54925.5390625
54925.328125
54925.1171875
54924.90625
54924.6953125
54924.484375
54924.2734375
54924.0625
54923.8515625
54923.640625
54923.4296875
54923.21875
54923.0078125
54922.796875
54922.5859375
54922.375
54922.1640625
54921.953125
54921.7421875
54921.53125
54921.3203125
54921.109375
54920.8984375
54920.6875
54920.4765625
54920.265625
54920.0546875
54919.84375
54919.6328125
54919.421875
54919.2109375
54919.0
