55296.7890625
55296.578125
55296.3671875
55296.15625
55295.9453125
55295.734375
55295.5234375
55295.3125
55295.1015625
55294.890625
55294.6796875
55294.46875
55294.2578125
55294.046875
55293.8359375
55293.625
55293.4140625
55293.203125
55292.9921875
55292.78125
55292.5703125
55292.359375
55292.1484375
55291.9375
55291.7265625
55291.515625
55291.3046875
55291.09375
55290.8828125
55290.671875
55290.4609375
55290.25
55290.0390625
55289.828125
55289.6171875
55289.40625
55289.1953125
55288.984375
55288.7734375
55288.5625
55288.3515625
55288.140625
55287.9296875
55287.71875
55287.5078125
55287.296875
55287.0859375
55286.875
55286.6640625
55286.453125
55286.2421875
55286.03125
55285.8203125
55285.609375
55285.3984375
55285.1875
55284.9765625
55284.765625
55284.5546875
55284.34375
55284.1328125
55283.921875
55283.7109375
55283.5
55283.2890625
55283.078125
55282.8671875
55282.65625
55282.4453125
55282.234375
55282.0234375
55281.8125
55281.6015625
55281.390625
55281.1796875
55280.96875
55280.7578125
55280.546875
55280.3359375
55280.125
55279.9140625
55279.703125
55279.4921875
55279.28125
55279.0703125
55278.859375
55278.6484375
55278.4375
55278.2265625
55278.015625
55277.8046875
55277.59375
55277.3828125
55277.171875
55276.9609375
55276.75
55276.5390625
55276.328125
55276.1171875
55275.90625
55275.6953125
55275.484375
55275.2734375
55275.0625
55274.8515625
55274.640625
55274.4296875
55274.21875
55274.0078125
55273.796875
55273.5859375
55273.375
55273.1640625
55272.953125
55272.7421875
55272.53125
55272.3203125
55272.109375
55271.8984375
55271.6875
55271.4765625
55271.265625
55271.0546875
55270.84375
55270.6328125
55270.421875
55270.2109375
55270.0
