54729.7890625
54729.578125
54729.3671875
54729.15625
54728.9453125
54728.734375
54728.5234375
54728.3125
54728.1015625
54727.890625
54727.6796875
54727.46875
54727.2578125
54727.046875
54726.8359375
54726.625
54726.4140625
54726.203125
54725.9921875
54725.78125
54725.5703125
54725.359375
54725.1484375
54724.9375
54724.7265625
54724.515625
54724.3046875
54724.09375
54723.8828125
54723.671875
54723.4609375
54723.25
54723.0390625
54722.828125
54722.6171875
54722.40625
54722.1953125
54721.984375
54721.7734375
54721.5625
54721.3515625
54721.140625
54720.9296875
54720.71875
54720.5078125
54720.296875
54720.0859375
54719.875
54719.6640625
54719.453125
54719.2421875
54719.03125
54718.8203125
54718.609375
54718.3984375
54718.1875
54717.9765625
54717.765625
54717.5546875
54717.34375
54717.1328125
54716.921875
54716.7109375
54716.5
54716.2890625
54716.078125
54715.8671875
54715.65625
54715.4453125
54715.234375
54715.0234375
54714.8125
54714.6015625
54714.390625
54714.1796875
54713.96875
54713.7578125
54713.546875
54713.3359375
54713.125
54712.9140625
54712.703125
54712.4921875
54712.28125
54712.0703125
54711.859375
54711.6484375
54711.4375
54711.2265625
54711.015625
54710.8046875
54710.59375
54710.3828125
54710.171875
54709.9609375
54709.75
54709.5390625
54709.328125
54709.1171875
54708.90625
54708.6953125
54708.484375
54708.2734375
54708.0625
54707.8515625
54707.640625
54707.4296875
54707.21875
54707.0078125
54706.796875
54706.5859375
54706.375
54706.1640625
54705.953125
54705.7421875
54705.53125
54705.3203125
54705.109375
54704.8984375
54704.6875
54704.4765625
54704.265625
54704.0546875
54703.84375
54703.6328125
54703.421875
54703.2109375
54703.0
