55944.7890625
55944.578125
55944.3671875
55944.15625
55943.9453125
55943.734375
55943.5234375
55943.3125
55943.1015625
55942.890625
55942.6796875
55942.46875
55942.2578125
55942.046875
55941.8359375
55941.625
55941.4140625
55941.203125
55940.9921875
55940.78125
55940.5703125
55940.359375
55940.1484375
55939.9375
55939.7265625
55939.515625
55939.3046875
55939.09375
55938.8828125
55938.671875
55938.4609375
55938.25
55938.0390625
55937.828125
55937.6171875
55937.40625
55937.1953125
55936.984375
55936.7734375
55936.5625
55936.3515625
55936.140625
55935.9296875
55935.71875
55935.5078125
55935.296875
55935.0859375
55934.875
55934.6640625
55934.453125
55934.2421875
55934.03125
55933.8203125
55933.609375
55933.3984375
55933.1875
55932.9765625
55932.765625
55932.5546875
55932.34375
55932.1328125
55931.921875
55931.7109375
55931.5
55931.2890625
55931.078125
55930.8671875
55930.65625
55930.4453125
55930.234375
55930.0234375
55929.8125
55929.6015625
55929.390625
55929.1796875
55928.96875
55928.7578125
55928.546875
55928.3359375
55928.125
55927.9140625
55927.703125
55927.4921875
55927.28125
55927.0703125
55926.859375
55926.6484375
55926.4375
55926.2265625
55926.015625
55925.8046875
55925.59375
55925.3828125
55925.171875
55924.9609375
55924.75
55924.5390625
55924.328125
55924.1171875
55923.90625
55923.6953125
55923.484375
55923.2734375
55923.0625
55922.8515625
55922.640625
55922.4296875
55922.21875
55922.0078125
55921.796875
55921.5859375
55921.375
55921.1640625
55920.953125
55920.7421875
55920.53125
55920.3203125
55920.109375
55919.8984375
55919.6875
55919.4765625
55919.265625
55919.0546875
55918.84375
55918.6328125
55918.421875
55918.2109375
55918.0
