54675.7890625
54675.578125
54675.3671875
54675.15625
54674.9453125
54674.734375
54674.5234375
54674.3125
54674.1015625
54673.890625
54673.6796875
54673.46875
54673.2578125
54673.046875
54672.8359375
54672.625
54672.4140625
54672.203125
54671.9921875
54671.78125
54671.5703125
54671.359375
54671.1484375
54670.9375
54670.7265625
54670.515625
54670.3046875
54670.09375
54669.8828125
54669.671875
54669.4609375
54669.25
54669.0390625
54668.828125
54668.6171875
54668.40625
54668.1953125
54667.984375
54667.7734375
54667.5625
54667.3515625
54667.140625
54666.9296875
54666.71875
54666.5078125
54666.296875
54666.0859375
54665.875
54665.6640625
54665.453125
54665.2421875
54665.03125
54664.8203125
54664.609375
54664.3984375
54664.1875
54663.9765625
54663.765625
54663.5546875
54663.34375
54663.1328125
54662.921875
54662.7109375
54662.5
54662.2890625
54662.078125
54661.8671875
54661.65625
54661.4453125
54661.234375
54661.0234375
54660.8125
54660.6015625
54660.390625
54660.1796875
54659.96875
54659.7578125
54659.546875
54659.3359375
54659.125
54658.9140625
54658.703125
54658.4921875
54658.28125
54658.0703125
54657.859375
54657.6484375
54657.4375
54657.2265625
54657.015625
54656.8046875
54656.59375
54656.3828125
54656.171875
54655.9609375
54655.75
54655.5390625
54655.328125
54655.1171875
54654.90625
54654.6953125
54654.484375
54654.2734375
54654.0625
54653.8515625
54653.640625
54653.4296875
54653.21875
54653.0078125
54652.796875
54652.5859375
54652.375
54652.1640625
54651.953125
54651.7421875
54651.53125
54651.3203125
54651.109375
54650.8984375
54650.6875
54650.4765625
54650.265625
54650.0546875
54649.84375
54649.6328125
54649.421875
54649.2109375
54649.0
