55620.7890625
55620.578125
55620.3671875
55620.15625
55619.9453125
55619.734375
55619.5234375
55619.3125
55619.1015625
55618.890625
55618.6796875
55618.46875
55618.2578125
55618.046875
55617.8359375
55617.625
55617.4140625
55617.203125
55616.9921875
55616.78125
55616.5703125
55616.359375
55616.1484375
55615.9375
55615.7265625
55615.515625
55615.3046875
55615.09375
55614.8828125
55614.671875
55614.4609375
55614.25
55614.0390625
55613.828125
55613.6171875
55613.40625
55613.1953125
55612.984375
55612.7734375
55612.5625
55612.3515625
55612.140625
55611.9296875
55611.71875
55611.5078125
55611.296875
55611.0859375
55610.875
55610.6640625
55610.453125
55610.2421875
55610.03125
55609.8203125
55609.609375
55609.3984375
55609.1875
55608.9765625
55608.765625
55608.5546875
55608.34375
55608.1328125
55607.921875
55607.7109375
55607.5
55607.2890625
55607.078125
55606.8671875
55606.65625
55606.4453125
55606.234375
55606.0234375
55605.8125
55605.6015625
55605.390625
55605.1796875
55604.96875
55604.7578125
55604.546875
55604.3359375
55604.125
55603.9140625
55603.703125
55603.4921875
55603.28125
55603.0703125
55602.859375
55602.6484375
55602.4375
55602.2265625
55602.015625
55601.8046875
55601.59375
55601.3828125
55601.171875
55600.9609375
55600.75
55600.5390625
55600.328125
55600.1171875
55599.90625
55599.6953125
55599.484375
55599.2734375
55599.0625
55598.8515625
55598.640625
55598.4296875
55598.21875
55598.0078125
55597.796875
55597.5859375
55597.375
55597.1640625
55596.953125
55596.7421875
55596.53125
55596.3203125
55596.109375
55595.8984375
55595.6875
55595.4765625
55595.265625
55595.0546875
55594.84375
55594.6328125
55594.421875
55594.2109375
55594.0
