56376.7890625
56376.578125
56376.3671875
56376.15625
56375.9453125
56375.734375
56375.5234375
56375.3125
56375.1015625
56374.890625
56374.6796875
56374.46875
56374.2578125
56374.046875
56373.8359375
56373.625
56373.4140625
56373.203125
56372.9921875
56372.78125
56372.5703125
56372.359375
56372.1484375
56371.9375
56371.7265625
56371.515625
56371.3046875
56371.09375
56370.8828125
56370.671875
56370.4609375
56370.25
56370.0390625
56369.828125
56369.6171875
56369.40625
56369.1953125
56368.984375
56368.7734375
56368.5625
56368.3515625
56368.140625
56367.9296875
56367.71875
56367.5078125
56367.296875
56367.0859375
56366.875
56366.6640625
56366.453125
56366.2421875
56366.03125
56365.8203125
56365.609375
56365.3984375
56365.1875
56364.9765625
56364.765625
56364.5546875
56364.34375
56364.1328125
56363.921875
56363.7109375
56363.5
56363.2890625
56363.078125
56362.8671875
56362.65625
56362.4453125
56362.234375
56362.0234375
56361.8125
56361.6015625
56361.390625
56361.1796875
56360.96875
56360.7578125
56360.546875
56360.3359375
56360.125
56359.9140625
56359.703125
56359.4921875
56359.28125
56359.0703125
56358.859375
56358.6484375
56358.4375
56358.2265625
56358.015625
56357.8046875
56357.59375
56357.3828125
56357.171875
56356.9609375
56356.75
56356.5390625
56356.328125
56356.1171875
56355.90625
56355.6953125
56355.484375
56355.2734375
56355.0625
56354.8515625
56354.640625
56354.4296875
56354.21875
56354.0078125
56353.796875
56353.5859375
56353.375
56353.1640625
56352.953125
56352.7421875
56352.53125
56352.3203125
56352.109375
56351.8984375
56351.6875
56351.4765625
56351.265625
56351.0546875
56350.84375
56350.6328125
56350.421875
56350.2109375
56350.0
