54891.7890625
54891.578125
54891.3671875
54891.15625
54890.9453125
54890.734375
54890.5234375
54890.3125
54890.1015625
54889.890625
54889.6796875
54889.46875
54889.2578125
54889.046875
54888.8359375
54888.625
54888.4140625
54888.203125
54887.9921875
54887.78125
54887.5703125
54887.359375
54887.1484375
54886.9375
54886.7265625
54886.515625
54886.3046875
54886.09375
54885.8828125
54885.671875
54885.4609375
54885.25
54885.0390625
54884.828125
54884.6171875
54884.40625
54884.1953125
54883.984375
54883.7734375
54883.5625
54883.3515625
54883.140625
54882.9296875
54882.71875
54882.5078125
54882.296875
54882.0859375
54881.875
54881.6640625
54881.453125
54881.2421875
54881.03125
54880.8203125
54880.609375
54880.3984375
54880.1875
54879.9765625
54879.765625
54879.5546875
54879.34375
54879.1328125
54878.921875
54878.7109375
54878.5
54878.2890625
54878.078125
54877.8671875
54877.65625
54877.4453125
54877.234375
54877.0234375
54876.8125
54876.6015625
54876.390625
54876.1796875
54875.96875
54875.7578125
54875.546875
54875.3359375
54875.125
54874.9140625
54874.703125
54874.4921875
54874.28125
54874.0703125
54873.859375
54873.6484375
54873.4375
54873.2265625
54873.015625
54872.8046875
54872.59375
54872.3828125
54872.171875
54871.9609375
54871.75
54871.5390625
54871.328125
54871.1171875
54870.90625
54870.6953125
54870.484375
54870.2734375
54870.0625
54869.8515625
54869.640625
54869.4296875
54869.21875
54869.0078125
54868.796875
54868.5859375
54868.375
54868.1640625
54867.953125
54867.7421875
54867.53125
54867.3203125
54867.109375
54866.8984375
54866.6875
54866.4765625
54866.265625
54866.0546875
54865.84375
54865.6328125
54865.421875
54865.2109375
54865.0
