55782.7890625
55782.578125
55782.3671875
55782.15625
55781.9453125
55781.734375
55781.5234375
55781.3125
55781.1015625
55780.890625
55780.6796875
55780.46875
55780.2578125
55780.046875
55779.8359375
55779.625
55779.4140625
55779.203125
55778.9921875
55778.78125
55778.5703125
55778.359375
55778.1484375
55777.9375
55777.7265625
55777.515625
55777.3046875
55777.09375
55776.8828125
55776.671875
55776.4609375
55776.25
55776.0390625
55775.828125
55775.6171875
55775.40625
55775.1953125
55774.984375
55774.7734375
55774.5625
55774.3515625
55774.140625
55773.9296875
55773.71875
55773.5078125
55773.296875
55773.0859375
55772.875
55772.6640625
55772.453125
55772.2421875
55772.03125
55771.8203125
55771.609375
55771.3984375
55771.1875
55770.9765625
55770.765625
55770.5546875
55770.34375
55770.1328125
55769.921875
55769.7109375
55769.5
55769.2890625
55769.078125
55768.8671875
55768.65625
55768.4453125
55768.234375
55768.0234375
55767.8125
55767.6015625
55767.390625
55767.1796875
55766.96875
55766.7578125
55766.546875
55766.3359375
55766.125
55765.9140625
55765.703125
55765.4921875
55765.28125
55765.0703125
55764.859375
55764.6484375
55764.4375
55764.2265625
55764.015625
55763.8046875
55763.59375
55763.3828125
55763.171875
55762.9609375
55762.75
55762.5390625
55762.328125
55762.1171875
55761.90625
55761.6953125
55761.484375
55761.2734375
55761.0625
55760.8515625
55760.640625
55760.4296875
55760.21875
55760.0078125
55759.796875
55759.5859375
55759.375
55759.1640625
55758.953125
55758.7421875
55758.53125
55758.3203125
55758.109375
55757.8984375
55757.6875
55757.4765625
55757.265625
55757.0546875
55756.84375
55756.6328125
55756.421875
55756.2109375
55756.0
