55053.7890625
55053.578125
55053.3671875
55053.15625
55052.9453125
55052.734375
55052.5234375
55052.3125
55052.1015625
55051.890625
55051.6796875
55051.46875
55051.2578125
55051.046875
55050.8359375
55050.625
55050.4140625
55050.203125
55049.9921875
55049.78125
55049.5703125
55049.359375
55049.1484375
55048.9375
55048.7265625
55048.515625
55048.3046875
55048.09375
55047.8828125
55047.671875
55047.4609375
55047.25
55047.0390625
55046.828125
55046.6171875
55046.40625
55046.1953125
55045.984375
55045.7734375
55045.5625
55045.3515625
55045.140625
55044.9296875
55044.71875
55044.5078125
55044.296875
55044.0859375
55043.875
55043.6640625
55043.453125
55043.2421875
55043.03125
55042.8203125
55042.609375
55042.3984375
55042.1875
55041.9765625
55041.765625
55041.5546875
55041.34375
55041.1328125
55040.921875
55040.7109375
55040.5
55040.2890625
55040.078125
55039.8671875
55039.65625
55039.4453125
55039.234375
55039.0234375
55038.8125
55038.6015625
55038.390625
55038.1796875
55037.96875
55037.7578125
55037.546875
55037.3359375
55037.125
55036.9140625
55036.703125
55036.4921875
55036.28125
55036.0703125
55035.859375
55035.6484375
55035.4375
55035.2265625
55035.015625
55034.8046875
55034.59375
55034.3828125
55034.171875
55033.9609375
55033.75
55033.5390625
55033.328125
55033.1171875
55032.90625
55032.6953125
55032.484375
55032.2734375
55032.0625
55031.8515625
55031.640625
55031.4296875
55031.21875
55031.0078125
55030.796875
55030.5859375
55030.375
55030.1640625
55029.953125
55029.7421875
55029.53125
55029.3203125
55029.109375
55028.8984375
55028.6875
55028.4765625
55028.265625
55028.0546875
55027.84375
55027.6328125
55027.421875
55027.2109375
55027.0
