56484.7890625
56484.578125
56484.3671875
56484.15625
56483.9453125
56483.734375
56483.5234375
56483.3125
56483.1015625
56482.890625
56482.6796875
56482.46875
56482.2578125
56482.046875
56481.8359375
56481.625
56481.4140625
56481.203125
56480.9921875
56480.78125
56480.5703125
56480.359375
56480.1484375
56479.9375
56479.7265625
56479.515625
56479.3046875
56479.09375
56478.8828125
56478.671875
56478.4609375
56478.25
56478.0390625
56477.828125
56477.6171875
56477.40625
56477.1953125
56476.984375
56476.7734375
56476.5625
56476.3515625
56476.140625
56475.9296875
56475.71875
56475.5078125
56475.296875
56475.0859375
56474.875
56474.6640625
56474.453125
56474.2421875
56474.03125
56473.8203125
56473.609375
56473.3984375
56473.1875
56472.9765625
56472.765625
56472.5546875
56472.34375
56472.1328125
56471.921875
56471.7109375
56471.5
56471.2890625
56471.078125
56470.8671875
56470.65625
56470.4453125
56470.234375
56470.0234375
56469.8125
56469.6015625
56469.390625
56469.1796875
56468.96875
56468.7578125
56468.546875
56468.3359375
56468.125
56467.9140625
56467.703125
56467.4921875
56467.28125
56467.0703125
56466.859375
56466.6484375
56466.4375
56466.2265625
56466.015625
56465.8046875
56465.59375
56465.3828125
56465.171875
56464.9609375
56464.75
56464.5390625
56464.328125
56464.1171875
56463.90625
56463.6953125
56463.484375
56463.2734375
56463.0625
56462.8515625
56462.640625
56462.4296875
56462.21875
56462.0078125
56461.796875
56461.5859375
56461.375
56461.1640625
56460.953125
56460.7421875
56460.53125
56460.3203125
56460.109375
56459.8984375
56459.6875
56459.4765625
56459.265625
56459.0546875
56458.84375
56458.6328125
56458.421875
56458.2109375
56458.0
