54432.7890625
54432.578125
54432.3671875
54432.15625
54431.9453125
54431.734375
54431.5234375
54431.3125
54431.1015625
54430.890625
54430.6796875
54430.46875
54430.2578125
54430.046875
54429.8359375
54429.625
54429.4140625
54429.203125
54428.9921875
54428.78125
54428.5703125
54428.359375
54428.1484375
54427.9375
54427.7265625
54427.515625
54427.3046875
54427.09375
54426.8828125
54426.671875
54426.4609375
54426.25
54426.0390625
54425.828125
54425.6171875
54425.40625
54425.1953125
54424.984375
54424.7734375
54424.5625
54424.3515625
54424.140625
54423.9296875
54423.71875
54423.5078125
54423.296875
54423.0859375
54422.875
54422.6640625
54422.453125
54422.2421875
54422.03125
54421.8203125
54421.609375
54421.3984375
54421.1875
54420.9765625
54420.765625
54420.5546875
54420.34375
54420.1328125
54419.921875
54419.7109375
54419.5
54419.2890625
54419.078125
54418.8671875
54418.65625
54418.4453125
54418.234375
54418.0234375
54417.8125
54417.6015625
54417.390625
54417.1796875
54416.96875
54416.7578125
54416.546875
54416.3359375
54416.125
54415.9140625
54415.703125
54415.4921875
54415.28125
54415.0703125
54414.859375
54414.6484375
54414.4375
54414.2265625
54414.015625
54413.8046875
54413.59375
54413.3828125
54413.171875
54412.9609375
54412.75
54412.5390625
54412.328125
54412.1171875
54411.90625
54411.6953125
54411.484375
54411.2734375
54411.0625
54410.8515625
54410.640625
54410.4296875
54410.21875
54410.0078125
54409.796875
54409.5859375
54409.375
54409.1640625
54408.953125
54408.7421875
54408.53125
54408.3203125
54408.109375
54407.8984375
54407.6875
54407.4765625
54407.265625
54407.0546875
54406.84375
54406.6328125
54406.421875
54406.2109375
54406.0
