56322.7890625
56322.578125
56322.3671875
56322.15625
56321.9453125
56321.734375
56321.5234375
56321.3125
56321.1015625
56320.890625
56320.6796875
56320.46875
56320.2578125
56320.046875
56319.8359375
56319.625
56319.4140625
56319.203125
56318.9921875
56318.78125
56318.5703125
56318.359375
56318.1484375
56317.9375
56317.7265625
56317.515625
56317.3046875
56317.09375
56316.8828125
56316.671875
56316.4609375
56316.25
56316.0390625
56315.828125
56315.6171875
56315.40625
56315.1953125
56314.984375
56314.7734375
56314.5625
56314.3515625
56314.140625
56313.9296875
56313.71875
56313.5078125
56313.296875
56313.0859375
56312.875
56312.6640625
56312.453125
56312.2421875
56312.03125
56311.8203125
56311.609375
56311.3984375
56311.1875
56310.9765625
56310.765625
56310.5546875
56310.34375
56310.1328125
56309.921875
56309.7109375
56309.5
56309.2890625
56309.078125
56308.8671875
56308.65625
56308.4453125
56308.234375
56308.0234375
56307.8125
56307.6015625
56307.390625
56307.1796875
56306.96875
56306.7578125
56306.546875
56306.3359375
56306.125
56305.9140625
56305.703125
56305.4921875
56305.28125
56305.0703125
56304.859375
56304.6484375
56304.4375
56304.2265625
56304.015625
56303.8046875
56303.59375
56303.3828125
56303.171875
56302.9609375
56302.75
56302.5390625
56302.328125
56302.1171875
56301.90625
56301.6953125
56301.484375
56301.2734375
56301.0625
56300.8515625
56300.640625
56300.4296875
56300.21875
56300.0078125
56299.796875
56299.5859375
56299.375
56299.1640625
56298.953125
56298.7421875
56298.53125
56298.3203125
56298.109375
56297.8984375
56297.6875
56297.4765625
56297.265625
56297.0546875
56296.84375
56296.6328125
56296.421875
56296.2109375
56296.0
