55350.7890625
55350.578125
55350.3671875
55350.15625
55349.9453125
55349.734375
55349.5234375
55349.3125
55349.1015625
55348.890625
55348.6796875
55348.46875
55348.2578125
55348.046875
55347.8359375
55347.625
55347.4140625
55347.203125
55346.9921875
55346.78125
55346.5703125
55346.359375
55346.1484375
55345.9375
55345.7265625
55345.515625
55345.3046875
55345.09375
55344.8828125
55344.671875
55344.4609375
55344.25
55344.0390625
55343.828125
55343.6171875
55343.40625
55343.1953125
55342.984375
55342.7734375
55342.5625
55342.3515625
55342.140625
55341.9296875
55341.71875
55341.5078125
55341.296875
55341.0859375
55340.875
55340.6640625
55340.453125
55340.2421875
55340.03125
55339.8203125
55339.609375
55339.3984375
55339.1875
55338.9765625
55338.765625
55338.5546875
55338.34375
55338.1328125
55337.921875
55337.7109375
55337.5
55337.2890625
55337.078125
55336.8671875
55336.65625
55336.4453125
55336.234375
55336.0234375
55335.8125
55335.6015625
55335.390625
55335.1796875
55334.96875
55334.7578125
55334.546875
55334.3359375
55334.125
55333.9140625
55333.703125
55333.4921875
55333.28125
55333.0703125
55332.859375
55332.6484375
55332.4375
55332.2265625
55332.015625
55331.8046875
55331.59375
55331.3828125
55331.171875
55330.9609375
55330.75
55330.5390625
55330.328125
55330.1171875
55329.90625
55329.6953125
55329.484375
55329.2734375
55329.0625
55328.8515625
55328.640625
55328.4296875
55328.21875
55328.0078125
55327.796875
55327.5859375
55327.375
55327.1640625
55326.953125
55326.7421875
55326.53125
55326.3203125
55326.109375
55325.8984375
55325.6875
55325.4765625
55325.265625
55325.0546875
55324.84375
55324.6328125
55324.421875
55324.2109375
55324.0
